0.000000000000000e+000	2.500000e+000	2.499919e+000
1.000000003627494e-015	2.500000e+000	2.499919e+000
2.000000007254988e-015	2.500000e+000	2.499919e+000
9.015485721078666e-011	2.505665e+000	2.499920e+000
1.803077144215661e-010	2.511329e+000	2.499921e+000
2.704605716323455e-010	2.516993e+000	2.499923e+000
3.606134288431249e-010	2.522656e+000	2.499924e+000
4.507662860539043e-010	2.528318e+000	2.499926e+000
5.409191432646837e-010	2.533980e+000	2.499927e+000
6.310720004754629e-010	2.539641e+000	2.499928e+000
7.310720004754629e-010	2.545918e+000	2.499930e+000
8.310720004754628e-010	2.552194e+000	2.499932e+000
9.310720004754628e-010	2.558468e+000	2.499934e+000
1.031072000475463e-009	2.564739e+000	2.499937e+000
1.131072000475463e-009	2.571007e+000	2.499939e+000
1.231072000475463e-009	2.577273e+000	2.499942e+000
1.331072000475463e-009	2.583536e+000	2.499945e+000
1.431072000475463e-009	2.589796e+000	2.499949e+000
1.531072000475463e-009	2.596052e+000	2.499952e+000
1.631072000475463e-009	2.602304e+000	2.499957e+000
1.731072000475463e-009	2.608552e+000	2.499961e+000
1.931072000475463e-009	2.621035e+000	2.499972e+000
2.131072000475463e-009	2.633499e+000	2.499984e+000
2.331072000475464e-009	2.645942e+000	2.499999e+000
2.531072000475464e-009	2.658362e+000	2.500016e+000
2.731072000475464e-009	2.670757e+000	2.500036e+000
3.031072000475464e-009	2.689299e+000	2.500072e+000
3.331072000475464e-009	2.707773e+000	2.500115e+000
3.631072000475464e-009	2.726173e+000	2.500166e+000
3.859643429046893e-009	2.740146e+000	2.500210e+000
4.088214857618322e-009	2.754062e+000	2.500259e+000
4.316786286189751e-009	2.767921e+000	2.500315e+000
4.545357714761180e-009	2.781724e+000	2.500376e+000
4.773929143332608e-009	2.795470e+000	2.500443e+000
5.002500571904038e-009	2.809159e+000	2.500516e+000
5.231072000475466e-009	2.822792e+000	2.500594e+000
5.531072000475466e-009	2.840574e+000	2.500708e+000
5.831072000475466e-009	2.858235e+000	2.500832e+000
6.031072000475466e-009	2.869939e+000	2.500921e+000
6.231072000475466e-009	2.881584e+000	2.501015e+000
6.331072000475466e-009	2.887385e+000	2.501064e+000
6.431072000475466e-009	2.893169e+000	2.501114e+000
6.531072000475466e-009	2.898939e+000	2.501165e+000
6.631072000475467e-009	2.904692e+000	2.501218e+000
6.731072000475467e-009	2.910430e+000	2.501272e+000
6.831072000475467e-009	2.916152e+000	2.501327e+000
6.931072000475467e-009	2.921857e+000	2.501383e+000
7.031072000475467e-009	2.927545e+000	2.501441e+000
7.131072000475467e-009	2.933217e+000	2.501500e+000
7.231072000475467e-009	2.938871e+000	2.501560e+000
7.331072000475467e-009	2.944508e+000	2.501621e+000
7.531072000475466e-009	2.955729e+000	2.501748e+000
7.731072000475465e-009	2.966878e+000	2.501879e+000
7.831072000475464e-009	2.972425e+000	2.501946e+000
7.931072000475463e-009	2.977954e+000	2.502015e+000
8.031072000475463e-009	2.983464e+000	2.502085e+000
8.131072000475462e-009	2.988954e+000	2.502156e+000
8.231072000475461e-009	2.994425e+000	2.502229e+000
8.331072000475460e-009	2.999877e+000	2.502303e+000
8.431072000475459e-009	3.005309e+000	2.502378e+000
8.531072000475459e-009	3.010721e+000	2.502454e+000
8.631072000475458e-009	3.016113e+000	2.502531e+000
8.731072000475457e-009	3.021484e+000	2.502609e+000
8.831072000475456e-009	3.026835e+000	2.502689e+000
8.931072000475456e-009	3.032165e+000	2.502770e+000
9.031072000475455e-009	3.037474e+000	2.502852e+000
9.131072000475454e-009	3.042762e+000	2.502935e+000
9.231072000475453e-009	3.048028e+000	2.503020e+000
9.331072000475453e-009	3.053273e+000	2.503106e+000
9.431072000475452e-009	3.058496e+000	2.503193e+000
9.531072000475451e-009	3.063697e+000	2.503281e+000
9.631072000475450e-009	3.068876e+000	2.503371e+000
9.731072000475450e-009	3.074032e+000	2.503462e+000
9.831072000475449e-009	3.079165e+000	2.503554e+000
9.931072000475448e-009	3.084276e+000	2.503647e+000
1.003107200047545e-008	3.089364e+000	2.503742e+000
1.013107200047545e-008	3.094428e+000	2.503837e+000
1.023107200047545e-008	3.099469e+000	2.503934e+000
1.033107200047545e-008	3.104486e+000	2.504033e+000
1.043107200047544e-008	3.109479e+000	2.504132e+000
1.053107200047544e-008	3.114449e+000	2.504233e+000
1.063107200047544e-008	3.119394e+000	2.504335e+000
1.073107200047544e-008	3.124314e+000	2.504438e+000
1.083107200047544e-008	3.129210e+000	2.504542e+000
1.093107200047544e-008	3.134081e+000	2.504648e+000
1.103107200047544e-008	3.138927e+000	2.504755e+000
1.123107200047544e-008	3.148543e+000	2.504971e+000
1.133107200047544e-008	3.153313e+000	2.505081e+000
1.143107200047544e-008	3.158057e+000	2.505191e+000
1.153107200047544e-008	3.162775e+000	2.505303e+000
1.163107200047544e-008	3.167467e+000	2.505415e+000
1.183107200047543e-008	3.176771e+000	2.505642e+000
1.203107200047543e-008	3.185969e+000	2.505872e+000
1.223107200047543e-008	3.195058e+000	2.506104e+000
1.253107200047543e-008	3.208486e+000	2.506457e+000
1.283107200047543e-008	3.221662e+000	2.506815e+000
1.305964342904685e-008	3.231534e+000	2.507092e+000
1.328821485761828e-008	3.241250e+000	2.507371e+000
1.351678628618971e-008	3.250810e+000	2.507653e+000
1.374535771476113e-008	3.260215e+000	2.507937e+000
1.397392914333256e-008	3.269463e+000	2.508225e+000
1.420250057190399e-008	3.278556e+000	2.508515e+000
1.443107200047541e-008	3.287493e+000	2.508807e+000
1.461678628618970e-008	3.294633e+000	2.509047e+000
1.480250057190399e-008	3.301663e+000	2.509288e+000
1.498821485761827e-008	3.308582e+000	2.509531e+000
1.517392914333256e-008	3.315391e+000	2.509775e+000
1.535964342904685e-008	3.322089e+000	2.510021e+000
1.554535771476113e-008	3.328677e+000	2.510269e+000
1.573107200047542e-008	3.335154e+000	2.510519e+000
1.603107200047542e-008	3.345372e+000	2.510925e+000
1.633107200047542e-008	3.355291e+000	2.511335e+000
1.663107200047543e-008	3.364905e+000	2.511750e+000
1.693107200047543e-008	3.374212e+000	2.512168e+000
1.723107200047543e-008	3.383209e+000	2.512590e+000
1.753107200047543e-008	3.391891e+000	2.513016e+000
1.783107200047544e-008	3.400257e+000	2.513445e+000
1.813107200047544e-008	3.408303e+000	2.513877e+000
1.843107200047544e-008	3.416026e+000	2.514312e+000
1.873107200047544e-008	3.423424e+000	2.514751e+000
1.893107200047545e-008	3.428175e+000	2.515045e+000
1.913107200047545e-008	3.432778e+000	2.515340e+000
1.933107200047545e-008	3.437233e+000	2.515636e+000
1.953107200047545e-008	3.441540e+000	2.515934e+000
1.973107200047545e-008	3.445698e+000	2.516232e+000
1.993107200047546e-008	3.449708e+000	2.516532e+000
2.013107200047546e-008	3.453569e+000	2.516833e+000
2.045964342904689e-008	3.459588e+000	2.517329e+000
2.078821485761832e-008	3.465193e+000	2.517828e+000
2.111678628618975e-008	3.470384e+000	2.518328e+000
2.144535771476119e-008	3.475160e+000	2.518830e+000
2.177392914333261e-008	3.479522e+000	2.519334e+000
2.210250057190405e-008	3.483469e+000	2.519840e+000
2.243107200047548e-008	3.487002e+000	2.520348e+000
2.277392914333262e-008	3.490237e+000	2.520879e+000
2.311678628618977e-008	3.493010e+000	2.521411e+000
2.345964342904692e-008	3.495321e+000	2.521943e+000
2.380250057190406e-008	3.497170e+000	2.522477e+000
2.414535771476121e-008	3.498557e+000	2.523011e+000
2.448821485761835e-008	3.499481e+000	2.523547e+000
2.483107200047550e-008	3.499944e+000	2.524083e+000
2.527392914333265e-008	3.499848e+000	2.524776e+000
2.571678628618979e-008	3.498981e+000	2.525469e+000
2.615964342904694e-008	3.497344e+000	2.526163e+000
2.660250057190409e-008	3.494937e+000	2.526857e+000
2.704535771476124e-008	3.491758e+000	2.527552e+000
2.748821485761838e-008	3.487809e+000	2.528247e+000
2.793107200047553e-008	3.483089e+000	2.528943e+000
2.864535771476125e-008	3.473813e+000	2.530065e+000
2.935964342904697e-008	3.462642e+000	2.531188e+000
3.007392914333269e-008	3.449578e+000	2.532311e+000
3.078821485761841e-008	3.434620e+000	2.533434e+000
3.150250057190413e-008	3.417769e+000	2.534557e+000
3.221678628618985e-008	3.399024e+000	2.535681e+000
3.293107200047557e-008	3.378385e+000	2.536805e+000
3.393107200047558e-008	3.346247e+000	2.538380e+000
3.493107200047559e-008	3.311150e+000	2.539954e+000
3.593107200047560e-008	3.273095e+000	2.541528e+000
3.693107200047561e-008	3.232080e+000	2.543102e+000
3.793107200047562e-008	3.188107e+000	2.544675e+000
3.893107200047563e-008	3.141175e+000	2.546248e+000
3.993107200047563e-008	3.091284e+000	2.547822e+000
4.014535771476135e-008	3.080367e+000	2.548158e+000
4.035964342904706e-008	3.069350e+000	2.548495e+000
4.057392914333278e-008	3.058233e+000	2.548832e+000
4.078821485761850e-008	3.047016e+000	2.549169e+000
4.100250057190422e-008	3.035699e+000	2.549505e+000
4.121678628618993e-008	3.024282e+000	2.549842e+000
4.143107200047565e-008	3.012764e+000	2.550178e+000
4.173107200047565e-008	2.996491e+000	2.550649e+000
4.203107200047565e-008	2.980042e+000	2.551119e+000
4.233107200047566e-008	2.963422e+000	2.551589e+000
4.263107200047566e-008	2.946637e+000	2.552059e+000
4.293107200047566e-008	2.929694e+000	2.552529e+000
4.323107200047566e-008	2.912598e+000	2.552998e+000
4.353107200047567e-008	2.895355e+000	2.553467e+000
4.383107200047567e-008	2.877972e+000	2.553935e+000
4.413107200047567e-008	2.860455e+000	2.554403e+000
4.443107200047567e-008	2.842810e+000	2.554871e+000
4.473107200047568e-008	2.825042e+000	2.555338e+000
4.503107200047568e-008	2.807160e+000	2.555805e+000
4.533107200047568e-008	2.789168e+000	2.556271e+000
4.561678628618997e-008	2.771923e+000	2.556715e+000
4.590250057190426e-008	2.754605e+000	2.557159e+000
4.618821485761855e-008	2.737213e+000	2.557602e+000
4.647392914333283e-008	2.719747e+000	2.558044e+000
4.675964342904713e-008	2.702208e+000	2.558487e+000
4.704535771476141e-008	2.684595e+000	2.558928e+000
4.733107200047570e-008	2.666909e+000	2.559369e+000
4.753107200047570e-008	2.654501e+000	2.559678e+000
4.773107200047570e-008	2.642074e+000	2.559986e+000
4.793107200047571e-008	2.629627e+000	2.560293e+000
4.813107200047571e-008	2.617161e+000	2.560600e+000
4.833107200047571e-008	2.604675e+000	2.560907e+000
4.853107200047571e-008	2.592169e+000	2.561213e+000
4.873107200047571e-008	2.579645e+000	2.561518e+000
4.903107200047572e-008	2.560842e+000	2.561975e+000
4.923107200047572e-008	2.548294e+000	2.562279e+000
4.943107200047572e-008	2.535739e+000	2.562582e+000
4.963107200047572e-008	2.523178e+000	2.562884e+000
4.983107200047572e-008	2.510614e+000	2.563184e+000
4.993107200047572e-008	2.504331e+000	2.563334e+000
5.003107200047572e-008	2.498048e+000	2.563484e+000
5.013107200047573e-008	2.491765e+000	2.563632e+000
5.023107200047573e-008	2.485482e+000	2.563781e+000
5.033107200047573e-008	2.479200e+000	2.563929e+000
5.053107200047573e-008	2.466638e+000	2.564224e+000
5.073107200047573e-008	2.454082e+000	2.564517e+000
5.083107200047573e-008	2.447806e+000	2.564662e+000
5.093107200047573e-008	2.441532e+000	2.564806e+000
5.103107200047573e-008	2.435261e+000	2.564949e+000
5.113107200047573e-008	2.428993e+000	2.565092e+000
5.133107200047574e-008	2.416464e+000	2.565375e+000
5.143107200047574e-008	2.410204e+000	2.565514e+000
5.153107200047574e-008	2.403948e+000	2.565653e+000
5.163107200047574e-008	2.397696e+000	2.565791e+000
5.173107200047574e-008	2.391448e+000	2.565928e+000
5.183107200047574e-008	2.385204e+000	2.566063e+000
5.193107200047574e-008	2.378965e+000	2.566197e+000
5.203107200047574e-008	2.372730e+000	2.566330e+000
5.213107200047574e-008	2.366501e+000	2.566462e+000
5.223107200047574e-008	2.360276e+000	2.566593e+000
5.233107200047575e-008	2.354058e+000	2.566722e+000
5.243107200047575e-008	2.347845e+000	2.566850e+000
5.253107200047575e-008	2.341638e+000	2.566977e+000
5.263107200047575e-008	2.335437e+000	2.567102e+000
5.273107200047575e-008	2.329243e+000	2.567226e+000
5.283107200047575e-008	2.323055e+000	2.567349e+000
5.293107200047575e-008	2.316875e+000	2.567470e+000
5.303107200047575e-008	2.310701e+000	2.567590e+000
5.313107200047575e-008	2.304535e+000	2.567708e+000
5.323107200047575e-008	2.298378e+000	2.567824e+000
5.333107200047575e-008	2.292227e+000	2.567939e+000
5.343107200047576e-008	2.286085e+000	2.568053e+000
5.353107200047576e-008	2.279952e+000	2.568164e+000
5.363107200047576e-008	2.273827e+000	2.568274e+000
5.383107200047576e-008	2.261605e+000	2.568490e+000
5.403107200047576e-008	2.249420e+000	2.568698e+000
5.423107200047576e-008	2.237274e+000	2.568899e+000
5.443107200047576e-008	2.225170e+000	2.569093e+000
5.463107200047577e-008	2.213110e+000	2.569279e+000
5.483107200047577e-008	2.201095e+000	2.569457e+000
5.503107200047577e-008	2.189127e+000	2.569628e+000
5.533107200047577e-008	2.171268e+000	2.569868e+000
5.563107200047578e-008	2.153525e+000	2.570091e+000
5.593107200047578e-008	2.135906e+000	2.570294e+000
5.623107200047578e-008	2.118416e+000	2.570478e+000
5.653107200047578e-008	2.101061e+000	2.570643e+000
5.675964342904721e-008	2.087927e+000	2.570756e+000
5.698821485761865e-008	2.074884e+000	2.570859e+000
5.721678628619007e-008	2.061933e+000	2.570950e+000
5.744535771476151e-008	2.049074e+000	2.571030e+000
5.767392914333294e-008	2.036306e+000	2.571100e+000
5.790250057190437e-008	2.023630e+000	2.571159e+000
5.813107200047580e-008	2.011046e+000	2.571207e+000
5.855964342904721e-008	1.987696e+000	2.571268e+000
5.898821485761863e-008	1.964758e+000	2.571294e+000
5.941678628619005e-008	1.942233e+000	2.571284e+000
5.984535771476146e-008	1.920119e+000	2.571239e+000
6.027392914333289e-008	1.898418e+000	2.571159e+000
6.070250057190431e-008	1.877129e+000	2.571044e+000
6.113107200047572e-008	1.856252e+000	2.570894e+000
6.155964342904713e-008	1.835847e+000	2.570709e+000
6.198821485761852e-008	1.815959e+000	2.570494e+000
6.241678628618993e-008	1.796587e+000	2.570247e+000
6.284535771476133e-008	1.777731e+000	2.569969e+000
6.327392914333274e-008	1.759392e+000	2.569660e+000
6.370250057190414e-008	1.741569e+000	2.569320e+000
6.413107200047555e-008	1.724263e+000	2.568948e+000
6.423107200047554e-008	1.720314e+000	2.568857e+000
6.433107200047554e-008	1.716395e+000	2.568765e+000
6.443107200047553e-008	1.712507e+000	2.568672e+000
6.453107200047552e-008	1.708650e+000	2.568577e+000
6.463107200047552e-008	1.704824e+000	2.568480e+000
6.473107200047551e-008	1.701030e+000	2.568382e+000
6.483107200047551e-008	1.697267e+000	2.568282e+000
6.493107200047550e-008	1.693536e+000	2.568181e+000
6.503107200047550e-008	1.689837e+000	2.568078e+000
6.513107200047549e-008	1.686170e+000	2.567974e+000
6.523107200047548e-008	1.682535e+000	2.567868e+000
6.533107200047548e-008	1.678932e+000	2.567761e+000
6.543107200047547e-008	1.675362e+000	2.567653e+000
6.553107200047547e-008	1.671824e+000	2.567543e+000
6.563107200047546e-008	1.668319e+000	2.567431e+000
6.573107200047546e-008	1.664846e+000	2.567318e+000
6.583107200047545e-008	1.661407e+000	2.567204e+000
6.593107200047544e-008	1.658001e+000	2.567089e+000
6.603107200047544e-008	1.654628e+000	2.566972e+000
6.613107200047543e-008	1.651288e+000	2.566853e+000
6.623107200047543e-008	1.647982e+000	2.566734e+000
6.633107200047542e-008	1.644709e+000	2.566612e+000
6.643107200047542e-008	1.641471e+000	2.566490e+000
6.653107200047541e-008	1.638266e+000	2.566366e+000
6.663107200047540e-008	1.635095e+000	2.566241e+000
6.673107200047540e-008	1.631958e+000	2.566115e+000
6.683107200047539e-008	1.628856e+000	2.565987e+000
6.693107200047539e-008	1.625788e+000	2.565858e+000
6.703107200047538e-008	1.622754e+000	2.565728e+000
6.713107200047538e-008	1.619756e+000	2.565596e+000
6.723107200047537e-008	1.616791e+000	2.565464e+000
6.733107200047536e-008	1.613862e+000	2.565330e+000
6.743107200047536e-008	1.610968e+000	2.565195e+000
6.753107200047535e-008	1.608109e+000	2.565059e+000
6.763107200047535e-008	1.605285e+000	2.564921e+000
6.773107200047534e-008	1.602496e+000	2.564783e+000
6.783107200047534e-008	1.599743e+000	2.564643e+000
6.793107200047533e-008	1.597025e+000	2.564502e+000
6.803107200047532e-008	1.594343e+000	2.564360e+000
6.813107200047532e-008	1.591697e+000	2.564217e+000
6.833107200047531e-008	1.586512e+000	2.563926e+000
6.853107200047529e-008	1.581472e+000	2.563632e+000
6.873107200047528e-008	1.576576e+000	2.563332e+000
6.893107200047527e-008	1.571827e+000	2.563029e+000
6.913107200047526e-008	1.567223e+000	2.562722e+000
6.943107200047524e-008	1.560595e+000	2.562255e+000
6.973107200047523e-008	1.554301e+000	2.561780e+000
7.003107200047521e-008	1.548342e+000	2.561299e+000
7.033107200047519e-008	1.542722e+000	2.560812e+000
7.063107200047517e-008	1.537441e+000	2.560318e+000
7.093107200047516e-008	1.532503e+000	2.559818e+000
7.123107200047514e-008	1.527908e+000	2.559311e+000
7.147392914333227e-008	1.524440e+000	2.558897e+000
7.171678628618940e-008	1.521201e+000	2.558480e+000
7.195964342904653e-008	1.518190e+000	2.558058e+000
7.220250057190365e-008	1.515409e+000	2.557634e+000
7.244535771476078e-008	1.512856e+000	2.557205e+000
7.268821485761791e-008	1.510532e+000	2.556773e+000
7.293107200047504e-008	1.508437e+000	2.556338e+000
7.324535771476074e-008	1.506070e+000	2.555769e+000
7.355964342904644e-008	1.504091e+000	2.555195e+000
7.387392914333213e-008	1.502502e+000	2.554615e+000
7.418821485761783e-008	1.501301e+000	2.554030e+000
7.450250057190352e-008	1.500490e+000	2.553440e+000
7.481678628618922e-008	1.500067e+000	2.552844e+000
7.513107200047492e-008	1.500034e+000	2.552243e+000
7.528821485761776e-008	1.500164e+000	2.551941e+000
7.544535771476061e-008	1.500392e+000	2.551637e+000
7.560250057190346e-008	1.500717e+000	2.551332e+000
7.575964342904632e-008	1.501139e+000	2.551026e+000
7.591678628618916e-008	1.501659e+000	2.550719e+000
7.607392914333201e-008	1.502276e+000	2.550410e+000
7.623107200047485e-008	1.502990e+000	2.550101e+000
7.643107200047484e-008	1.504040e+000	2.549705e+000
7.663107200047483e-008	1.505247e+000	2.549307e+000
7.683107200047482e-008	1.506611e+000	2.548908e+000
7.703107200047481e-008	1.508132e+000	2.548506e+000
7.723107200047480e-008	1.509809e+000	2.548103e+000
7.743107200047479e-008	1.511643e+000	2.547699e+000
7.763107200047477e-008	1.513633e+000	2.547292e+000
7.783107200047476e-008	1.515779e+000	2.546885e+000
7.803107200047475e-008	1.518080e+000	2.546475e+000
7.823107200047474e-008	1.520537e+000	2.546064e+000
7.843107200047473e-008	1.523148e+000	2.545652e+000
7.863107200047472e-008	1.525913e+000	2.545238e+000
7.883107200047471e-008	1.528832e+000	2.544823e+000
7.913107200047469e-008	1.533498e+000	2.544199e+000
7.943107200047467e-008	1.538507e+000	2.543571e+000
7.973107200047465e-008	1.543858e+000	2.542942e+000
8.003107200047464e-008	1.549549e+000	2.542309e+000
8.033107200047462e-008	1.555577e+000	2.541675e+000
8.055964342904604e-008	1.560398e+000	2.541191e+000
8.078821485761745e-008	1.565410e+000	2.540705e+000
8.101678628618887e-008	1.570613e+000	2.540219e+000
8.124535771476028e-008	1.576008e+000	2.539732e+000
8.147392914333170e-008	1.581593e+000	2.539244e+000
8.170250057190311e-008	1.587370e+000	2.538755e+000
8.193107200047453e-008	1.593337e+000	2.538265e+000
8.221678628618880e-008	1.601063e+000	2.537652e+000
8.250250057190306e-008	1.609072e+000	2.537039e+000
8.278821485761733e-008	1.617363e+000	2.536426e+000
8.307392914333161e-008	1.625938e+000	2.535812e+000
8.335964342904588e-008	1.634795e+000	2.535198e+000
8.364535771476014e-008	1.643936e+000	2.534584e+000
8.393107200047441e-008	1.653359e+000	2.533969e+000
8.427392914333154e-008	1.665034e+000	2.533232e+000
8.461678628618866e-008	1.677081e+000	2.532496e+000
8.495964342904579e-008	1.689501e+000	2.531761e+000
8.530250057190290e-008	1.702294e+000	2.531027e+000
8.564535771476003e-008	1.715461e+000	2.530295e+000
8.598821485761715e-008	1.729000e+000	2.529563e+000
8.633107200047428e-008	1.742912e+000	2.528832e+000
8.663107200047426e-008	1.755360e+000	2.528195e+000
8.693107200047424e-008	1.768074e+000	2.527559e+000
8.723107200047422e-008	1.781047e+000	2.526924e+000
8.753107200047421e-008	1.794275e+000	2.526291e+000
8.773107200047420e-008	1.803234e+000	2.525871e+000
8.783107200047419e-008	1.807754e+000	2.525661e+000
8.793107200047418e-008	1.812302e+000	2.525450e+000
8.803107200047418e-008	1.816877e+000	2.525241e+000
8.813107200047417e-008	1.821479e+000	2.525031e+000
8.823107200047417e-008	1.826108e+000	2.524822e+000
8.833107200047416e-008	1.830764e+000	2.524613e+000
8.843107200047416e-008	1.835446e+000	2.524404e+000
8.863107200047414e-008	1.844888e+000	2.523987e+000
8.893107200047413e-008	1.859245e+000	2.523364e+000
8.923107200047411e-008	1.873830e+000	2.522743e+000
8.943107200047410e-008	1.883677e+000	2.522330e+000
8.963107200047409e-008	1.893621e+000	2.521918e+000
8.993107200047407e-008	1.908717e+000	2.521303e+000
9.023107200047405e-008	1.924022e+000	2.520690e+000
9.053107200047404e-008	1.939532e+000	2.520080e+000
9.083107200047402e-008	1.955242e+000	2.519472e+000
9.113107200047400e-008	1.971145e+000	2.518868e+000
9.143107200047398e-008	1.987236e+000	2.518267e+000
9.173107200047397e-008	2.003509e+000	2.517669e+000
9.203107200047395e-008	2.019958e+000	2.517074e+000
9.233107200047393e-008	2.036578e+000	2.516483e+000
9.263107200047392e-008	2.053363e+000	2.515895e+000
9.293107200047390e-008	2.070306e+000	2.515312e+000
9.311678628618818e-008	2.080875e+000	2.514952e+000
9.330250057190244e-008	2.091498e+000	2.514595e+000
9.348821485761672e-008	2.102174e+000	2.514239e+000
9.367392914333100e-008	2.112904e+000	2.513884e+000
9.385964342904528e-008	2.123687e+000	2.513532e+000
9.404535771475955e-008	2.134523e+000	2.513181e+000
9.423107200047382e-008	2.145413e+000	2.512831e+000
9.453107200047381e-008	2.163100e+000	2.512271e+000
9.483107200047379e-008	2.180906e+000	2.511716e+000
9.513107200047377e-008	2.198826e+000	2.511167e+000
9.543107200047376e-008	2.216853e+000	2.510622e+000
9.573107200047374e-008	2.234980e+000	2.510083e+000
9.603107200047372e-008	2.253201e+000	2.509550e+000
9.633107200047370e-008	2.271511e+000	2.509022e+000
9.663107200047369e-008	2.289901e+000	2.508501e+000
9.694535771475938e-008	2.309266e+000	2.507961e+000
9.725964342904509e-008	2.328687e+000	2.507429e+000
9.757392914333078e-008	2.348163e+000	2.506904e+000
9.788821485761647e-008	2.367694e+000	2.506387e+000
9.820250057190216e-008	2.387281e+000	2.505878e+000
9.851678628618787e-008	2.406923e+000	2.505377e+000
9.883107200047356e-008	2.426620e+000	2.504883e+000
9.897392914333070e-008	2.435576e+000	2.504662e+000
9.911678628618783e-008	2.444536e+000	2.504442e+000
9.925964342904497e-008	2.453499e+000	2.504225e+000
9.940250057190209e-008	2.462466e+000	2.504009e+000
9.954535771475923e-008	2.471436e+000	2.503795e+000
9.968821485761637e-008	2.480409e+000	2.503583e+000
9.983107200047350e-008	2.489386e+000	2.503373e+000
9.993107200047350e-008	2.495669e+000	2.503227e+000
1.000310720004735e-007	2.500000e+000	2.503081e+000
1.001310720004735e-007	2.500000e+000	2.502935e+000
1.002310720004735e-007	2.500000e+000	2.502791e+000
1.003310720004735e-007	2.500000e+000	2.502647e+000
1.004310720004735e-007	2.500000e+000	2.502504e+000
1.005310720004735e-007	2.500000e+000	2.502362e+000
1.006310720004735e-007	2.500000e+000	2.502221e+000
1.008310720004735e-007	2.500000e+000	2.501941e+000
1.011310720004734e-007	2.500000e+000	2.501526e+000
1.013739291433306e-007	2.500000e+000	2.501195e+000
1.016167862861877e-007	2.500000e+000	2.500868e+000
1.018596434290448e-007	2.500000e+000	2.500543e+000
1.021025005719019e-007	2.500000e+000	2.500222e+000
1.023453577147591e-007	2.500000e+000	2.499904e+000
1.025882148576162e-007	2.500000e+000	2.499590e+000
1.028310720004733e-007	2.500000e+000	2.499278e+000
1.031882148576162e-007	2.500000e+000	2.498825e+000
1.035453577147590e-007	2.500000e+000	2.498377e+000
1.039025005719018e-007	2.500000e+000	2.497933e+000
1.042596434290447e-007	2.500000e+000	2.497494e+000
1.046167862861875e-007	2.500000e+000	2.497060e+000
1.049739291433304e-007	2.500000e+000	2.496631e+000
1.053310720004732e-007	2.500000e+000	2.496206e+000
1.058882148576160e-007	2.500000e+000	2.495551e+000
1.064453577147588e-007	2.500000e+000	2.494905e+000
1.070025005719017e-007	2.500000e+000	2.494267e+000
1.075596434290445e-007	2.500000e+000	2.493637e+000
1.081167862861873e-007	2.500000e+000	2.493016e+000
1.086739291433301e-007	2.500000e+000	2.492403e+000
1.092310720004730e-007	2.500000e+000	2.491798e+000
1.101596434290444e-007	2.500000e+000	2.490805e+000
1.110882148576157e-007	2.500000e+000	2.489834e+000
1.120167862861871e-007	2.500000e+000	2.488883e+000
1.129453577147585e-007	2.500000e+000	2.487954e+000
1.138739291433298e-007	2.500000e+000	2.487046e+000
1.148025005719012e-007	2.500000e+000	2.486158e+000
1.157310720004726e-007	2.500000e+000	2.485292e+000
1.173167862861869e-007	2.500000e+000	2.483861e+000
1.189025005719013e-007	2.500000e+000	2.482506e+000
1.204882148576156e-007	2.500000e+000	2.481226e+000
1.220739291433300e-007	2.500000e+000	2.480023e+000
1.236596434290443e-007	2.500000e+000	2.478897e+000
1.252453577147586e-007	2.500000e+000	2.477846e+000
1.268310720004730e-007	2.500000e+000	2.476872e+000
1.285025005719017e-007	2.500000e+000	2.475941e+000
1.301739291433304e-007	2.500000e+000	2.475107e+000
1.318453577147591e-007	2.500000e+000	2.474370e+000
1.335167862861877e-007	2.500000e+000	2.473730e+000
1.351882148576165e-007	2.500000e+000	2.473187e+000
1.368596434290452e-007	2.500000e+000	2.472742e+000
1.385310720004738e-007	2.500000e+000	2.472394e+000
1.393025005719025e-007	2.500000e+000	2.472267e+000
1.400739291433311e-007	2.500000e+000	2.472160e+000
1.408453577147597e-007	2.500000e+000	2.472074e+000
1.416167862861884e-007	2.500000e+000	2.472008e+000
1.423882148576170e-007	2.500000e+000	2.471962e+000
1.431596434290456e-007	2.500000e+000	2.471936e+000
1.439310720004743e-007	2.500000e+000	2.471931e+000
1.449596434290457e-007	2.500000e+000	2.471956e+000
1.459882148576173e-007	2.500000e+000	2.472014e+000
1.470167862861888e-007	2.500000e+000	2.472105e+000
1.480453577147603e-007	2.500000e+000	2.472230e+000
1.490739291433318e-007	2.500000e+000	2.472387e+000
1.501025005719033e-007	2.500000e+000	2.472578e+000
1.511310720004748e-007	2.500000e+000	2.472802e+000
1.535596434290464e-007	2.500000e+000	2.473479e+000
1.559882148576180e-007	2.500000e+000	2.474286e+000
1.584167862861896e-007	2.500000e+000	2.475220e+000
1.608453577147612e-007	2.500000e+000	2.476284e+000
1.632739291433328e-007	2.500000e+000	2.477476e+000
1.657025005719045e-007	2.500000e+000	2.478797e+000
1.681310720004761e-007	2.500000e+000	2.480246e+000
1.713167862861906e-007	2.500000e+000	2.482296e+000
1.745025005719051e-007	2.500000e+000	2.484371e+000
1.776882148576197e-007	2.500000e+000	2.486472e+000
1.808739291433342e-007	2.500000e+000	2.488598e+000
1.840596434290487e-007	2.500000e+000	2.490750e+000
1.872453577147632e-007	2.500000e+000	2.492927e+000
1.904310720004777e-007	2.500000e+000	2.495130e+000
1.922167862861922e-007	2.500000e+000	2.496305e+000
1.940025005719066e-007	2.500000e+000	2.497445e+000
1.957882148576210e-007	2.500000e+000	2.498552e+000
1.975739291433354e-007	2.500000e+000	2.499624e+000
1.993596434290499e-007	2.500000e+000	2.500663e+000
2.011453577147643e-007	2.500000e+000	2.501668e+000
2.029310720004787e-007	2.500000e+000	2.502639e+000
2.030310720004787e-007	2.500000e+000	2.502692e+000
2.053453577147646e-007	2.500000e+000	2.503878e+000
2.076596434290505e-007	2.500000e+000	2.504980e+000
2.099739291433364e-007	2.500000e+000	2.505998e+000
2.122882148576223e-007	2.500000e+000	2.506931e+000
2.146025005719081e-007	2.500000e+000	2.507779e+000
2.169167862861940e-007	2.500000e+000	2.508543e+000
2.192310720004799e-007	2.500000e+000	2.509222e+000
2.210596434290515e-007	2.500000e+000	2.509690e+000
2.228882148576230e-007	2.500000e+000	2.510105e+000
2.247167862861946e-007	2.500000e+000	2.510465e+000
2.265453577147662e-007	2.500000e+000	2.510772e+000
2.283739291433377e-007	2.500000e+000	2.511026e+000
2.302025005719093e-007	2.500000e+000	2.511225e+000
2.320310720004809e-007	2.500000e+000	2.511371e+000
2.329739291433381e-007	2.500000e+000	2.511427e+000
2.339167862861953e-007	2.500000e+000	2.511471e+000
2.348596434290525e-007	2.500000e+000	2.511501e+000
2.358025005719097e-007	2.500000e+000	2.511520e+000
2.367453577147669e-007	2.500000e+000	2.511525e+000
2.376882148576242e-007	2.500000e+000	2.511518e+000
2.386310720004814e-007	2.500000e+000	2.511498e+000
2.410167862861958e-007	2.500000e+000	2.511386e+000
2.434025005719103e-007	2.500000e+000	2.511214e+000
2.457882148576247e-007	2.500000e+000	2.510982e+000
2.481739291433393e-007	2.500000e+000	2.510689e+000
2.505596434290537e-007	2.500000e+000	2.510336e+000
2.529453577147682e-007	2.500000e+000	2.509923e+000
2.553310720004826e-007	2.500000e+000	2.509450e+000
2.594882148576258e-007	2.500000e+000	2.508483e+000
2.636453577147690e-007	2.500000e+000	2.507473e+000
2.678025005719121e-007	2.500000e+000	2.506420e+000
2.719596434290553e-007	2.500000e+000	2.505325e+000
2.761167862861985e-007	2.500000e+000	2.504186e+000
2.802739291433417e-007	2.500000e+000	2.503005e+000
2.844310720004848e-007	2.500000e+000	2.501780e+000
2.873882148576279e-007	2.500000e+000	2.500959e+000
2.903453577147710e-007	2.500000e+000	2.500177e+000
2.933025005719140e-007	2.500000e+000	2.499434e+000
2.962596434290571e-007	2.500000e+000	2.498730e+000
2.992167862862002e-007	2.500000e+000	2.498065e+000
3.021739291433433e-007	2.500000e+000	2.497438e+000
3.051310720004864e-007	2.500000e+000	2.496851e+000
3.054310720004864e-007	2.500000e+000	2.496796e+000
3.077025005719151e-007	2.500000e+000	2.496393e+000
3.099739291433439e-007	2.500000e+000	2.496026e+000
3.122453577147726e-007	2.500000e+000	2.495693e+000
3.145167862862013e-007	2.500000e+000	2.495396e+000
3.167882148576301e-007	2.500000e+000	2.495133e+000
3.190596434290589e-007	2.500000e+000	2.494905e+000
3.213310720004876e-007	2.500000e+000	2.494713e+000
3.228310720004877e-007	2.500000e+000	2.494606e+000
3.243310720004878e-007	2.500000e+000	2.494515e+000
3.258310720004879e-007	2.500000e+000	2.494439e+000
3.273310720004880e-007	2.500000e+000	2.494378e+000
3.288310720004881e-007	2.500000e+000	2.494333e+000
3.303310720004883e-007	2.500000e+000	2.494302e+000
3.318310720004884e-007	2.500000e+000	2.494287e+000
3.330310720004885e-007	2.500000e+000	2.494285e+000
3.342310720004886e-007	2.500000e+000	2.494292e+000
3.354310720004886e-007	2.500000e+000	2.494307e+000
3.366310720004887e-007	2.500000e+000	2.494331e+000
3.378310720004888e-007	2.500000e+000	2.494363e+000
3.390310720004889e-007	2.500000e+000	2.494404e+000
3.402310720004890e-007	2.500000e+000	2.494453e+000
3.435167862862035e-007	2.500000e+000	2.494640e+000
3.468025005719181e-007	2.500000e+000	2.494867e+000
3.500882148576326e-007	2.500000e+000	2.495133e+000
3.533739291433472e-007	2.500000e+000	2.495438e+000
3.566596434290617e-007	2.500000e+000	2.495783e+000
3.599453577147762e-007	2.500000e+000	2.496166e+000
3.632310720004907e-007	2.500000e+000	2.496589e+000
3.667025005719195e-007	2.500000e+000	2.497055e+000
3.701739291433484e-007	2.500000e+000	2.497519e+000
3.736453577147772e-007	2.500000e+000	2.497979e+000
3.771167862862061e-007	2.500000e+000	2.498437e+000
3.805882148576349e-007	2.500000e+000	2.498892e+000
3.840596434290637e-007	2.500000e+000	2.499344e+000
3.875310720004926e-007	2.500000e+000	2.499793e+000
3.902739291433499e-007	2.500000e+000	2.500125e+000
3.930167862862072e-007	2.500000e+000	2.500437e+000
3.957596434290646e-007	2.500000e+000	2.500730e+000
3.985025005719219e-007	2.500000e+000	2.501003e+000
4.012453577147793e-007	2.500000e+000	2.501257e+000
4.039882148576366e-007	2.500000e+000	2.501492e+000
4.067310720004940e-007	2.500000e+000	2.501707e+000
4.078310720004941e-007	2.500000e+000	2.501785e+000
4.100453577147800e-007	2.500000e+000	2.501932e+000
4.122596434290659e-007	2.500000e+000	2.502063e+000
4.144739291433517e-007	2.500000e+000	2.502179e+000
4.166882148576376e-007	2.500000e+000	2.502280e+000
4.189025005719235e-007	2.500000e+000	2.502365e+000
4.211167862862094e-007	2.500000e+000	2.502435e+000
4.233310720004952e-007	2.500000e+000	2.502490e+000
4.251025005719239e-007	2.500000e+000	2.502522e+000
4.268739291433527e-007	2.500000e+000	2.502546e+000
4.286453577147814e-007	2.500000e+000	2.502562e+000
4.304167862862101e-007	2.500000e+000	2.502568e+000
4.321882148576387e-007	2.500000e+000	2.502566e+000
4.339596434290675e-007	2.500000e+000	2.502555e+000
4.357310720004962e-007	2.500000e+000	2.502535e+000
4.391453577147822e-007	2.500000e+000	2.502470e+000
4.425596434290681e-007	2.500000e+000	2.502384e+000
4.459739291433541e-007	2.500000e+000	2.502279e+000
4.493882148576400e-007	2.500000e+000	2.502153e+000
4.528025005719260e-007	2.500000e+000	2.502007e+000
4.562167862862120e-007	2.500000e+000	2.501841e+000
4.596310720004980e-007	2.500000e+000	2.501655e+000
4.635167862862125e-007	2.500000e+000	2.501429e+000
4.674025005719271e-007	2.500000e+000	2.501203e+000
4.712882148576417e-007	2.500000e+000	2.500976e+000
4.751739291433563e-007	2.500000e+000	2.500749e+000
4.790596434290708e-007	2.500000e+000	2.500522e+000
4.829453577147854e-007	2.500000e+000	2.500295e+000
4.868310720005000e-007	2.500000e+000	2.500067e+000
4.898167862862145e-007	2.500000e+000	2.499904e+000
4.928025005719290e-007	2.500000e+000	2.499751e+000
4.957882148576435e-007	2.500000e+000	2.499607e+000
4.987739291433580e-007	2.500000e+000	2.499473e+000
5.017596434290725e-007	2.500000e+000	2.499349e+000
5.047453577147871e-007	2.500000e+000	2.499235e+000
5.077310720005015e-007	2.500000e+000	2.499130e+000
5.102310720005017e-007	2.500000e+000	2.499053e+000
5.125882148576448e-007	2.500000e+000	2.498987e+000
5.149453577147877e-007	2.500000e+000	2.498930e+000
5.173025005719308e-007	2.500000e+000	2.498880e+000
5.196596434290739e-007	2.500000e+000	2.498837e+000
5.220167862862169e-007	2.500000e+000	2.498803e+000
5.243739291433599e-007	2.500000e+000	2.498775e+000
5.267310720005030e-007	2.500000e+000	2.498755e+000
5.289310720005031e-007	2.500000e+000	2.498744e+000
5.311310720005033e-007	2.500000e+000	2.498738e+000
5.333310720005035e-007	2.500000e+000	2.498738e+000
5.355310720005036e-007	2.500000e+000	2.498743e+000
5.377310720005038e-007	2.500000e+000	2.498754e+000
5.399310720005040e-007	2.500000e+000	2.498770e+000
5.421310720005041e-007	2.500000e+000	2.498792e+000
5.479453577147902e-007	2.500000e+000	2.498886e+000
5.537596434290764e-007	2.500000e+000	2.498993e+000
5.595739291433625e-007	2.500000e+000	2.499113e+000
5.653882148576488e-007	2.500000e+000	2.499245e+000
5.712025005719349e-007	2.500000e+000	2.499391e+000
5.770167862862211e-007	2.500000e+000	2.499550e+000
5.828310720005072e-007	2.500000e+000	2.499722e+000
5.861882148576503e-007	2.500000e+000	2.499811e+000
5.895453577147933e-007	2.500000e+000	2.499896e+000
5.929025005719365e-007	2.500000e+000	2.499977e+000
5.962596434290796e-007	2.500000e+000	2.500053e+000
5.996167862862228e-007	2.500000e+000	2.500124e+000
6.029739291433658e-007	2.500000e+000	2.500191e+000
6.063310720005089e-007	2.500000e+000	2.500254e+000
6.126310720005094e-007	2.500000e+000	2.500351e+000
6.153882148576525e-007	2.500000e+000	2.500386e+000
6.181453577147955e-007	2.500000e+000	2.500417e+000
6.209025005719386e-007	2.500000e+000	2.500443e+000
6.236596434290817e-007	2.500000e+000	2.500464e+000
6.264167862862248e-007	2.500000e+000	2.500482e+000
6.291739291433678e-007	2.500000e+000	2.500494e+000
6.319310720005109e-007	2.500000e+000	2.500502e+000
6.348596434290825e-007	2.500000e+000	2.500506e+000
6.377882148576542e-007	2.500000e+000	2.500505e+000
6.407167862862259e-007	2.500000e+000	2.500501e+000
6.436453577147974e-007	2.500000e+000	2.500492e+000
6.465739291433691e-007	2.500000e+000	2.500480e+000
6.495025005719407e-007	2.500000e+000	2.500463e+000
6.524310720005124e-007	2.500000e+000	2.500443e+000
6.579167862862271e-007	2.500000e+000	2.500393e+000
6.634025005719418e-007	2.500000e+000	2.500340e+000
6.688882148576565e-007	2.500000e+000	2.500283e+000
6.743739291433712e-007	2.500000e+000	2.500223e+000
6.798596434290859e-007	2.500000e+000	2.500159e+000
6.853453577148007e-007	2.500000e+000	2.500093e+000
6.908310720005153e-007	2.500000e+000	2.500023e+000
6.942739291433727e-007	2.500000e+000	2.499983e+000
6.977167862862301e-007	2.500000e+000	2.499945e+000
7.011596434290875e-007	2.500000e+000	2.499909e+000
7.046025005719449e-007	2.500000e+000	2.499876e+000
7.080453577148024e-007	2.500000e+000	2.499845e+000
7.114882148576597e-007	2.500000e+000	2.499817e+000
7.149310720005171e-007	2.500000e+000	2.499790e+000
7.150310720005171e-007	2.500000e+000	2.499790e+000
7.184596434290888e-007	2.500000e+000	2.499767e+000
7.218882148576605e-007	2.500000e+000	2.499747e+000
7.253167862862322e-007	2.500000e+000	2.499730e+000
7.287453577148038e-007	2.500000e+000	2.499717e+000
7.321739291433755e-007	2.500000e+000	2.499706e+000
7.356025005719472e-007	2.500000e+000	2.499699e+000
7.390310720005189e-007	2.500000e+000	2.499694e+000
7.433025005719478e-007	2.500000e+000	2.499693e+000
7.475739291433767e-007	2.500000e+000	2.499695e+000
7.518453577148055e-007	2.500000e+000	2.499701e+000
7.561167862862345e-007	2.500000e+000	2.499710e+000
7.603882148576634e-007	2.500000e+000	2.499722e+000
7.646596434290923e-007	2.500000e+000	2.499737e+000
7.689310720005212e-007	2.500000e+000	2.499756e+000
7.743167862862359e-007	2.500000e+000	2.499783e+000
7.797025005719505e-007	2.500000e+000	2.499810e+000
7.850882148576653e-007	2.500000e+000	2.499837e+000
7.904739291433799e-007	2.500000e+000	2.499864e+000
7.958596434290946e-007	2.500000e+000	2.499892e+000
8.012453577148094e-007	2.500000e+000	2.499920e+000
8.066310720005240e-007	2.500000e+000	2.499947e+000
8.081596434290955e-007	2.500000e+000	2.499954e+000
8.096882148576671e-007	2.500000e+000	2.499961e+000
8.112167862862387e-007	2.500000e+000	2.499968e+000
8.127453577148101e-007	2.500000e+000	2.499974e+000
8.142739291433817e-007	2.500000e+000	2.499980e+000
8.158025005719532e-007	2.500000e+000	2.499986e+000
8.173310720005248e-007	2.500000e+000	2.499992e+000
8.174310720005248e-007	2.500000e+000	2.499993e+000
8.218167862862395e-007	2.500000e+000	2.500008e+000
8.262025005719540e-007	2.500000e+000	2.500021e+000
8.305882148576687e-007	2.500000e+000	2.500032e+000
8.349739291433832e-007	2.500000e+000	2.500041e+000
8.393596434290979e-007	2.500000e+000	2.500048e+000
8.437453577148126e-007	2.500000e+000	2.500053e+000
8.481310720005271e-007	2.500000e+000	2.500056e+000
8.559596434290991e-007	2.500000e+000	2.500053e+000
8.637882148576712e-007	2.500000e+000	2.500047e+000
8.716167862862432e-007	2.500000e+000	2.500038e+000
8.794453577148152e-007	2.500000e+000	2.500026e+000
8.872739291433872e-007	2.500000e+000	2.500011e+000
8.951025005719592e-007	2.500000e+000	2.499992e+000
9.029310720005312e-007	2.500000e+000	2.499971e+000
9.053310720005314e-007	2.500000e+000	2.499965e+000
9.077310720005316e-007	2.500000e+000	2.499960e+000
9.101310720005318e-007	2.500000e+000	2.499954e+000
9.125310720005319e-007	2.500000e+000	2.499949e+000
9.149310720005321e-007	2.500000e+000	2.499943e+000
9.173310720005323e-007	2.500000e+000	2.499938e+000
9.197310720005325e-007	2.500000e+000	2.499933e+000
9.198310720005325e-007	2.500000e+000	2.499933e+000
9.255167862862473e-007	2.500000e+000	2.499922e+000
9.312025005719619e-007	2.500000e+000	2.499912e+000
9.368882148576767e-007	2.500000e+000	2.499904e+000
9.425739291433913e-007	2.500000e+000	2.499898e+000
9.482596434291061e-007	2.500000e+000	2.499893e+000
9.539453577148208e-007	2.500000e+000	2.499890e+000
9.596310720005355e-007	2.500000e+000	2.499888e+000
9.685596434291075e-007	2.500000e+000	2.499889e+000
9.774882148576797e-007	2.500000e+000	2.499892e+000
9.864167862862517e-007	2.500000e+000	2.499897e+000
9.953453577148239e-007	2.500000e+000	2.499903e+000
1.004273929143396e-006	2.500000e+000	2.499910e+000
1.013202500571968e-006	2.500000e+000	2.499919e+000
1.022131072000540e-006	2.500000e+000	2.499929e+000
1.022231072000540e-006	2.500000e+000	2.499929e+000
1.029688214857684e-006	2.500000e+000	2.499937e+000
1.037145357714827e-006	2.500000e+000	2.499943e+000
1.044602500571971e-006	2.500000e+000	2.499948e+000
1.052059643429114e-006	2.500000e+000	2.499952e+000
1.059516786286257e-006	2.500000e+000	2.499955e+000
1.066973929143401e-006	2.500000e+000	2.499957e+000
1.074431072000544e-006	2.500000e+000	2.499958e+000
1.081588214857688e-006	2.500000e+000	2.499957e+000
1.088745357714831e-006	2.500000e+000	2.499956e+000
1.095902500571974e-006	2.500000e+000	2.499954e+000
1.103059643429118e-006	2.500000e+000	2.499952e+000
1.110216786286261e-006	2.500000e+000	2.499949e+000
1.117373929143404e-006	2.500000e+000	2.499946e+000
1.124531072000548e-006	2.500000e+000	2.499942e+000
1.124631072000548e-006	2.500000e+000	2.499942e+000
1.134573929143406e-006	2.500000e+000	2.499937e+000
1.144516786286264e-006	2.500000e+000	2.499933e+000
1.154459643429122e-006	2.500000e+000	2.499929e+000
1.164402500571980e-006	2.500000e+000	2.499926e+000
1.174345357714837e-006	2.500000e+000	2.499924e+000
1.184288214857695e-006	2.500000e+000	2.499923e+000
1.194231072000553e-006	2.500000e+000	2.499922e+000
1.198902500571982e-006	2.500000e+000	2.499922e+000
1.203573929143411e-006	2.500000e+000	2.499922e+000
1.208245357714840e-006	2.500000e+000	2.499923e+000
1.212916786286269e-006	2.500000e+000	2.499923e+000
1.217588214857698e-006	2.500000e+000	2.499923e+000
1.222259643429127e-006	2.500000e+000	2.499924e+000
1.226931072000556e-006	2.500000e+000	2.499925e+000
1.227031072000556e-006	2.500000e+000	2.499925e+000
1.240416786286271e-006	2.500000e+000	2.499928e+000
1.253802500571986e-006	2.500000e+000	2.499930e+000
1.267188214857702e-006	2.500000e+000	2.499931e+000
1.280573929143417e-006	2.500000e+000	2.499933e+000
1.293959643429132e-006	2.500000e+000	2.499933e+000
1.307345357714847e-006	2.500000e+000	2.499934e+000
1.320731072000563e-006	2.500000e+000	2.499933e+000
1.329431072000563e-006	2.500000e+000	2.499933e+000
1.344045357714850e-006	2.500000e+000	2.499931e+000
1.358659643429137e-006	2.500000e+000	2.499930e+000
1.373273929143424e-006	2.500000e+000	2.499929e+000
1.387888214857711e-006	2.500000e+000	2.499928e+000
1.402502500571997e-006	2.500000e+000	2.499927e+000
1.417116786286284e-006	2.500000e+000	2.499926e+000
1.431731072000571e-006	2.500000e+000	2.499925e+000
1.431831072000571e-006	2.500000e+000	2.499925e+000
1.499931072000576e-006	2.500000e+000	2.499926e+000
1.500000000000000e-006	2.500000e+000	2.499926e+000
