0.000000000000000e+000	2.500000e+000	2.499919e+000
1.000000003627494e-015	2.500000e+000	2.499919e+000
2.000000007254988e-015	2.500000e+000	2.499919e+000
1.187262857822152e-010	2.503110e+000	2.499919e+000
2.374505715644232e-010	2.506219e+000	2.499920e+000
3.561748573466312e-010	2.509329e+000	2.499921e+000
4.748991431288392e-010	2.512439e+000	2.499922e+000
5.936234289110472e-010	2.515548e+000	2.499923e+000
7.123477146932552e-010	2.518657e+000	2.499923e+000
8.310720004754628e-010	2.521766e+000	2.499924e+000
9.310720004754628e-010	2.524385e+000	2.499925e+000
1.031072000475463e-009	2.527003e+000	2.499926e+000
1.131072000475463e-009	2.529621e+000	2.499927e+000
1.231072000475463e-009	2.532239e+000	2.499928e+000
1.331072000475463e-009	2.534857e+000	2.499930e+000
1.431072000475463e-009	2.537475e+000	2.499931e+000
1.531072000475463e-009	2.540092e+000	2.499933e+000
1.631072000475463e-009	2.542709e+000	2.499934e+000
1.831072000475463e-009	2.547942e+000	2.499938e+000
2.031072000475463e-009	2.553174e+000	2.499943e+000
2.231072000475464e-009	2.558404e+000	2.499949e+000
2.431072000475464e-009	2.563633e+000	2.499955e+000
2.631072000475464e-009	2.568860e+000	2.499963e+000
2.931072000475464e-009	2.576697e+000	2.499977e+000
3.231072000475464e-009	2.584529e+000	2.499994e+000
3.531072000475464e-009	2.592356e+000	2.500015e+000
3.831072000475465e-009	2.600178e+000	2.500039e+000
4.259643429046893e-009	2.611344e+000	2.500079e+000
4.688214857618323e-009	2.622492e+000	2.500130e+000
5.116786286189752e-009	2.633623e+000	2.500194e+000
5.545357714761180e-009	2.644736e+000	2.500269e+000
5.973929143332609e-009	2.655832e+000	2.500355e+000
6.402500571904039e-009	2.666910e+000	2.500454e+000
6.831072000475467e-009	2.677971e+000	2.500564e+000
7.116786286189751e-009	2.685331e+000	2.500646e+000
7.402500571904035e-009	2.692680e+000	2.500736e+000
7.688214857618319e-009	2.700017e+000	2.500833e+000
7.973929143332604e-009	2.707343e+000	2.500938e+000
8.259643429046889e-009	2.714658e+000	2.501049e+000
8.545357714761173e-009	2.721961e+000	2.501168e+000
8.831072000475456e-009	2.729252e+000	2.501295e+000
9.002500571904027e-009	2.733621e+000	2.501375e+000
9.173929143332596e-009	2.737984e+000	2.501457e+000
9.345357714761167e-009	2.742343e+000	2.501543e+000
9.516786286189736e-009	2.746697e+000	2.501632e+000
9.688214857618307e-009	2.751045e+000	2.501724e+000
9.859643429046878e-009	2.755389e+000	2.501818e+000
1.003107200047545e-008	2.759728e+000	2.501916e+000
1.013107200047545e-008	2.762257e+000	2.501975e+000
1.023107200047545e-008	2.764783e+000	2.502034e+000
1.033107200047545e-008	2.767308e+000	2.502095e+000
1.053107200047544e-008	2.772352e+000	2.502219e+000
1.073107200047544e-008	2.777389e+000	2.502347e+000
1.093107200047544e-008	2.782418e+000	2.502481e+000
1.113107200047544e-008	2.787440e+000	2.502618e+000
1.133107200047544e-008	2.792453e+000	2.502759e+000
1.153107200047544e-008	2.797459e+000	2.502905e+000
1.163107200047544e-008	2.799958e+000	2.502980e+000
1.173107200047543e-008	2.802456e+000	2.503056e+000
1.183107200047543e-008	2.804951e+000	2.503133e+000
1.193107200047543e-008	2.807445e+000	2.503211e+000
1.203107200047543e-008	2.809936e+000	2.503290e+000
1.213107200047543e-008	2.812425e+000	2.503370e+000
1.223107200047543e-008	2.814913e+000	2.503452e+000
1.233107200047543e-008	2.817397e+000	2.503534e+000
1.243107200047543e-008	2.819880e+000	2.503618e+000
1.253107200047543e-008	2.822361e+000	2.503703e+000
1.263107200047543e-008	2.824839e+000	2.503788e+000
1.273107200047543e-008	2.827315e+000	2.503876e+000
1.283107200047543e-008	2.829789e+000	2.503964e+000
1.293107200047543e-008	2.832261e+000	2.504053e+000
1.303107200047543e-008	2.834730e+000	2.504144e+000
1.313107200047542e-008	2.837197e+000	2.504236e+000
1.323107200047542e-008	2.839662e+000	2.504329e+000
1.333107200047542e-008	2.842124e+000	2.504423e+000
1.343107200047542e-008	2.844584e+000	2.504519e+000
1.353107200047542e-008	2.847042e+000	2.504615e+000
1.363107200047542e-008	2.849497e+000	2.504713e+000
1.373107200047542e-008	2.851950e+000	2.504812e+000
1.393107200047542e-008	2.856848e+000	2.505014e+000
1.413107200047542e-008	2.861737e+000	2.505220e+000
1.443107200047541e-008	2.869052e+000	2.505539e+000
1.450250057190399e-008	2.870790e+000	2.505616e+000
1.457392914333256e-008	2.872527e+000	2.505694e+000
1.464535771476113e-008	2.874262e+000	2.505773e+000
1.471678628618970e-008	2.875996e+000	2.505852e+000
1.478821485761827e-008	2.877729e+000	2.505932e+000
1.485964342904684e-008	2.879461e+000	2.506013e+000
1.493107200047541e-008	2.881191e+000	2.506094e+000
1.503107200047541e-008	2.883612e+000	2.506209e+000
1.513107200047541e-008	2.886029e+000	2.506325e+000
1.523107200047541e-008	2.888444e+000	2.506443e+000
1.533107200047541e-008	2.890857e+000	2.506561e+000
1.543107200047542e-008	2.893266e+000	2.506681e+000
1.553107200047542e-008	2.895673e+000	2.506802e+000
1.563107200047542e-008	2.898077e+000	2.506924e+000
1.583107200047542e-008	2.902877e+000	2.507172e+000
1.593107200047542e-008	2.905273e+000	2.507297e+000
1.603107200047542e-008	2.907666e+000	2.507424e+000
1.613107200047542e-008	2.910056e+000	2.507551e+000
1.623107200047542e-008	2.912444e+000	2.507679e+000
1.643107200047542e-008	2.917211e+000	2.507938e+000
1.663107200047543e-008	2.921966e+000	2.508200e+000
1.683107200047543e-008	2.926709e+000	2.508464e+000
1.713107200047543e-008	2.933802e+000	2.508866e+000
1.743107200047543e-008	2.940869e+000	2.509274e+000
1.773107200047544e-008	2.947908e+000	2.509686e+000
1.803107200047544e-008	2.954920e+000	2.510103e+000
1.833107200047544e-008	2.961903e+000	2.510524e+000
1.863107200047544e-008	2.968858e+000	2.510950e+000
1.893107200047545e-008	2.975784e+000	2.511379e+000
1.913107200047545e-008	2.980386e+000	2.511668e+000
1.933107200047545e-008	2.984974e+000	2.511958e+000
1.953107200047545e-008	2.989548e+000	2.512249e+000
1.973107200047545e-008	2.994109e+000	2.512542e+000
1.993107200047546e-008	2.998656e+000	2.512836e+000
2.013107200047546e-008	3.003190e+000	2.513132e+000
2.033107200047546e-008	3.007710e+000	2.513429e+000
2.065964342904689e-008	3.015107e+000	2.513920e+000
2.098821485761832e-008	3.022465e+000	2.514413e+000
2.131678628618975e-008	3.029783e+000	2.514909e+000
2.164535771476119e-008	3.037061e+000	2.515407e+000
2.197392914333262e-008	3.044300e+000	2.515907e+000
2.230250057190405e-008	3.051499e+000	2.516410e+000
2.263107200047548e-008	3.058659e+000	2.516915e+000
2.294535771476120e-008	3.065469e+000	2.517400e+000
2.325964342904691e-008	3.072239e+000	2.517885e+000
2.357392914333263e-008	3.078970e+000	2.518372e+000
2.388821485761835e-008	3.085661e+000	2.518860e+000
2.420250057190406e-008	3.092313e+000	2.519348e+000
2.451678628618978e-008	3.098926e+000	2.519838e+000
2.483107200047550e-008	3.105499e+000	2.520328e+000
2.524535771476122e-008	3.114101e+000	2.520976e+000
2.565964342904694e-008	3.122629e+000	2.521624e+000
2.607392914333265e-008	3.131082e+000	2.522272e+000
2.648821485761837e-008	3.139460e+000	2.522921e+000
2.690250057190409e-008	3.147764e+000	2.523571e+000
2.731678628618981e-008	3.155992e+000	2.524221e+000
2.773107200047553e-008	3.164146e+000	2.524872e+000
2.834535771476125e-008	3.176096e+000	2.525838e+000
2.895964342904697e-008	3.187863e+000	2.526803e+000
2.957392914333268e-008	3.199448e+000	2.527769e+000
3.018821485761841e-008	3.210850e+000	2.528735e+000
3.080250057190413e-008	3.222070e+000	2.529701e+000
3.141678628618984e-008	3.233107e+000	2.530668e+000
3.203107200047556e-008	3.243962e+000	2.531634e+000
3.291678628618986e-008	3.259281e+000	2.533028e+000
3.380250057190415e-008	3.274173e+000	2.534421e+000
3.468821485761845e-008	3.288637e+000	2.535814e+000
3.557392914333274e-008	3.302673e+000	2.537208e+000
3.645964342904704e-008	3.316281e+000	2.538601e+000
3.734535771476133e-008	3.329461e+000	2.539994e+000
3.823107200047562e-008	3.342213e+000	2.541387e+000
4.133107200047565e-008	3.383588e+000	2.546262e+000
4.443107200047567e-008	3.418685e+000	2.551134e+000
4.753107200047570e-008	3.447504e+000	2.556001e+000
5.063107200047572e-008	3.470045e+000	2.560864e+000
5.373107200047574e-008	3.486308e+000	2.565722e+000
5.683107200047577e-008	3.496293e+000	2.570577e+000
5.993107200047579e-008	3.500000e+000	2.575427e+000
6.207392914333281e-008	3.498409e+000	2.578776e+000
6.421678628618983e-008	3.493739e+000	2.582122e+000
6.635964342904685e-008	3.485990e+000	2.585465e+000
6.850250057190388e-008	3.475162e+000	2.588804e+000
7.064535771476090e-008	3.461255e+000	2.592140e+000
7.278821485761791e-008	3.444269e+000	2.595473e+000
7.493107200047493e-008	3.424205e+000	2.598803e+000
7.571678628618917e-008	3.416140e+000	2.600023e+000
7.650250057190340e-008	3.407698e+000	2.601242e+000
7.728821485761765e-008	3.398876e+000	2.602461e+000
7.807392914333189e-008	3.389676e+000	2.603679e+000
7.885964342904614e-008	3.380098e+000	2.604897e+000
7.964535771476037e-008	3.370141e+000	2.606114e+000
8.043107200047461e-008	3.359805e+000	2.607331e+000
8.110250057190314e-008	3.350685e+000	2.608370e+000
8.177392914333168e-008	3.341309e+000	2.609409e+000
8.244535771476021e-008	3.331678e+000	2.610448e+000
8.311678628618875e-008	3.321791e+000	2.611486e+000
8.378821485761728e-008	3.311648e+000	2.612523e+000
8.445964342904582e-008	3.301250e+000	2.613561e+000
8.513107200047435e-008	3.290596e+000	2.614597e+000
8.595964342904573e-008	3.277105e+000	2.615876e+000
8.678821485761711e-008	3.263264e+000	2.617154e+000
8.761678628618849e-008	3.249075e+000	2.618431e+000
8.844535771475987e-008	3.234536e+000	2.619708e+000
8.927392914333125e-008	3.219647e+000	2.620984e+000
9.010250057190264e-008	3.204410e+000	2.622259e+000
9.093107200047401e-008	3.188823e+000	2.623533e+000
9.140250057190255e-008	3.179816e+000	2.624257e+000
9.187392914333110e-008	3.170709e+000	2.624981e+000
9.234535771475964e-008	3.161501e+000	2.625705e+000
9.281678628618819e-008	3.152194e+000	2.626429e+000
9.328821485761673e-008	3.142786e+000	2.627152e+000
9.375964342904529e-008	3.133278e+000	2.627875e+000
9.423107200047382e-008	3.123670e+000	2.628597e+000
9.468821485761665e-008	3.114262e+000	2.629297e+000
9.514535771475948e-008	3.104770e+000	2.629997e+000
9.560250057190231e-008	3.095193e+000	2.630696e+000
9.605964342904515e-008	3.085531e+000	2.631395e+000
9.651678628618798e-008	3.075785e+000	2.632093e+000
9.697392914333081e-008	3.065954e+000	2.632790e+000
9.743107200047364e-008	3.056039e+000	2.633487e+000
9.787392914333076e-008	3.046357e+000	2.634161e+000
9.831678628618788e-008	3.036605e+000	2.634835e+000
9.875964342904500e-008	3.026783e+000	2.635508e+000
9.920250057190211e-008	3.016891e+000	2.636180e+000
9.964535771475923e-008	3.006929e+000	2.636851e+000
1.000882148576163e-007	2.996896e+000	2.637521e+000
1.005310720004735e-007	2.986793e+000	2.638191e+000
1.006310720004735e-007	2.984504e+000	2.638342e+000
1.014739291433306e-007	2.965050e+000	2.639613e+000
1.023167862861877e-007	2.945394e+000	2.640879e+000
1.031596434290448e-007	2.925536e+000	2.642139e+000
1.040025005719018e-007	2.905476e+000	2.643395e+000
1.048453577147589e-007	2.885213e+000	2.644645e+000
1.056882148576160e-007	2.864748e+000	2.645891e+000
1.065310720004731e-007	2.844080e+000	2.647131e+000
1.072167862861874e-007	2.827147e+000	2.648135e+000
1.079025005719016e-007	2.810123e+000	2.649133e+000
1.085882148576159e-007	2.793007e+000	2.650126e+000
1.092739291433301e-007	2.775800e+000	2.651113e+000
1.099596434290444e-007	2.758500e+000	2.652094e+000
1.106453577147586e-007	2.741109e+000	2.653070e+000
1.113310720004729e-007	2.723627e+000	2.654040e+000
1.117025005719014e-007	2.714132e+000	2.654562e+000
1.120739291433300e-007	2.704619e+000	2.655081e+000
1.124453577147585e-007	2.695088e+000	2.655598e+000
1.128167862861871e-007	2.685539e+000	2.656112e+000
1.131882148576156e-007	2.675972e+000	2.656624e+000
1.135596434290442e-007	2.666387e+000	2.657133e+000
1.139310720004727e-007	2.656783e+000	2.657640e+000
1.141596434290441e-007	2.650867e+000	2.657949e+000
1.143882148576155e-007	2.644946e+000	2.658258e+000
1.146167862861870e-007	2.639020e+000	2.658565e+000
1.148453577147584e-007	2.633089e+000	2.658870e+000
1.150739291433298e-007	2.627154e+000	2.659174e+000
1.153025005719012e-007	2.621213e+000	2.659477e+000
1.155310720004726e-007	2.615268e+000	2.659778e+000
1.158310720004726e-007	2.607459e+000	2.660170e+000
1.161310720004726e-007	2.599643e+000	2.660558e+000
1.164310720004726e-007	2.591822e+000	2.660943e+000
1.165739291433297e-007	2.588095e+000	2.661124e+000
1.167167862861868e-007	2.584367e+000	2.661305e+000
1.168596434290440e-007	2.580638e+000	2.661484e+000
1.170025005719011e-007	2.576908e+000	2.661663e+000
1.171453577147582e-007	2.573177e+000	2.661840e+000
1.172882148576154e-007	2.569445e+000	2.662016e+000
1.174310720004725e-007	2.565711e+000	2.662190e+000
1.177310720004725e-007	2.557868e+000	2.662552e+000
1.179453577147582e-007	2.552264e+000	2.662807e+000
1.181596434290439e-007	2.546658e+000	2.663058e+000
1.183739291433296e-007	2.541051e+000	2.663305e+000
1.185882148576153e-007	2.535443e+000	2.663548e+000
1.188025005719010e-007	2.529833e+000	2.663786e+000
1.190167862861867e-007	2.524223e+000	2.664021e+000
1.192310720004724e-007	2.518611e+000	2.664252e+000
1.197882148576153e-007	2.504011e+000	2.664835e+000
1.203453577147582e-007	2.489418e+000	2.665376e+000
1.209025005719011e-007	2.474832e+000	2.665874e+000
1.214596434290440e-007	2.460253e+000	2.666330e+000
1.220167862861869e-007	2.445681e+000	2.666744e+000
1.225739291433298e-007	2.431116e+000	2.667115e+000
1.231310720004727e-007	2.416557e+000	2.667444e+000
1.234882148576156e-007	2.407237e+000	2.667625e+000
1.238453577147585e-007	2.397927e+000	2.667782e+000
1.242025005719014e-007	2.388627e+000	2.667916e+000
1.245596434290442e-007	2.379338e+000	2.668027e+000
1.249167862861871e-007	2.370058e+000	2.668115e+000
1.252739291433300e-007	2.360789e+000	2.668180e+000
1.256310720004729e-007	2.351530e+000	2.668221e+000
1.259310720004729e-007	2.343764e+000	2.668236e+000
1.260310720004729e-007	2.341177e+000	2.668237e+000
1.263310720004729e-007	2.333424e+000	2.668228e+000
1.266739291433301e-007	2.324574e+000	2.668197e+000
1.270167862861873e-007	2.315740e+000	2.668142e+000
1.273596434290444e-007	2.306922e+000	2.668063e+000
1.277025005719016e-007	2.298120e+000	2.667961e+000
1.280453577147588e-007	2.289334e+000	2.667835e+000
1.283882148576159e-007	2.280564e+000	2.667686e+000
1.287310720004731e-007	2.271810e+000	2.667513e+000
1.290882148576160e-007	2.262710e+000	2.667307e+000
1.294453577147589e-007	2.253633e+000	2.667077e+000
1.298025005719018e-007	2.244579e+000	2.666821e+000
1.301596434290446e-007	2.235548e+000	2.666541e+000
1.305167862861875e-007	2.226539e+000	2.666236e+000
1.308739291433304e-007	2.217553e+000	2.665906e+000
1.312310720004733e-007	2.208590e+000	2.665551e+000
1.314310720004733e-007	2.203583e+000	2.665342e+000
1.315310720004733e-007	2.201082e+000	2.665235e+000
1.316310720004733e-007	2.198584e+000	2.665126e+000
1.317310720004733e-007	2.196087e+000	2.665015e+000
1.318310720004733e-007	2.193593e+000	2.664902e+000
1.319310720004734e-007	2.191101e+000	2.664787e+000
1.320310720004734e-007	2.188611e+000	2.664671e+000
1.321310720004734e-007	2.186123e+000	2.664552e+000
1.322310720004734e-007	2.183637e+000	2.664432e+000
1.325310720004734e-007	2.176193e+000	2.664059e+000
1.327310720004734e-007	2.171241e+000	2.663802e+000
1.329310720004734e-007	2.166298e+000	2.663538e+000
1.331310720004734e-007	2.161364e+000	2.663267e+000
1.333310720004735e-007	2.156440e+000	2.662990e+000
1.336310720004735e-007	2.149071e+000	2.662565e+000
1.338310720004735e-007	2.144171e+000	2.662274e+000
1.340310720004735e-007	2.139280e+000	2.661979e+000
1.342310720004735e-007	2.134399e+000	2.661680e+000
1.343310720004735e-007	2.131962e+000	2.661528e+000
1.344310720004735e-007	2.129528e+000	2.661375e+000
1.345310720004735e-007	2.127096e+000	2.661222e+000
1.346310720004736e-007	2.124667e+000	2.661067e+000
1.347310720004736e-007	2.122241e+000	2.660911e+000
1.348310720004736e-007	2.119817e+000	2.660754e+000
1.349310720004736e-007	2.117396e+000	2.660596e+000
1.350310720004736e-007	2.114977e+000	2.660438e+000
1.351310720004736e-007	2.112561e+000	2.660278e+000
1.352310720004736e-007	2.110148e+000	2.660117e+000
1.353310720004736e-007	2.107737e+000	2.659956e+000
1.355310720004736e-007	2.102924e+000	2.659630e+000
1.356310720004736e-007	2.100521e+000	2.659466e+000
1.357310720004736e-007	2.098121e+000	2.659301e+000
1.358310720004736e-007	2.095724e+000	2.659136e+000
1.359310720004737e-007	2.093330e+000	2.658969e+000
1.360310720004737e-007	2.090939e+000	2.658802e+000
1.361310720004737e-007	2.088550e+000	2.658634e+000
1.362310720004737e-007	2.086164e+000	2.658465e+000
1.363310720004737e-007	2.083781e+000	2.658296e+000
1.364310720004737e-007	2.081401e+000	2.658125e+000
1.365310720004737e-007	2.079024e+000	2.657955e+000
1.366310720004737e-007	2.076649e+000	2.657783e+000
1.367310720004737e-007	2.074278e+000	2.657611e+000
1.368310720004737e-007	2.071909e+000	2.657438e+000
1.369310720004737e-007	2.069543e+000	2.657265e+000
1.370310720004737e-007	2.067181e+000	2.657091e+000
1.371310720004737e-007	2.064821e+000	2.656916e+000
1.372310720004738e-007	2.062464e+000	2.656741e+000
1.373310720004738e-007	2.060110e+000	2.656565e+000
1.374310720004738e-007	2.057760e+000	2.656389e+000
1.375310720004738e-007	2.055412e+000	2.656213e+000
1.376310720004738e-007	2.053067e+000	2.656036e+000
1.377310720004738e-007	2.050726e+000	2.655858e+000
1.378310720004738e-007	2.048387e+000	2.655680e+000
1.379310720004738e-007	2.046052e+000	2.655502e+000
1.380310720004738e-007	2.043720e+000	2.655323e+000
1.381310720004738e-007	2.041390e+000	2.655144e+000
1.382310720004738e-007	2.039064e+000	2.654964e+000
1.383310720004738e-007	2.036741e+000	2.654785e+000
1.384310720004738e-007	2.034422e+000	2.654604e+000
1.386310720004739e-007	2.029792e+000	2.654243e+000
1.389310720004739e-007	2.022872e+000	2.653697e+000
1.392310720004739e-007	2.015981e+000	2.653148e+000
1.395310720004739e-007	2.009120e+000	2.652596e+000
1.398310720004739e-007	2.002289e+000	2.652041e+000
1.401310720004740e-007	1.995489e+000	2.651483e+000
1.404310720004740e-007	1.988720e+000	2.650921e+000
1.407310720004740e-007	1.981983e+000	2.650357e+000
1.410310720004740e-007	1.975278e+000	2.649789e+000
1.413310720004741e-007	1.968605e+000	2.649220e+000
1.416310720004741e-007	1.961965e+000	2.648647e+000
1.419310720004741e-007	1.955358e+000	2.648071e+000
1.422310720004741e-007	1.948785e+000	2.647494e+000
1.425025005719027e-007	1.942866e+000	2.646969e+000
1.427739291433313e-007	1.936977e+000	2.646442e+000
1.430453577147599e-007	1.931116e+000	2.645913e+000
1.433167862861885e-007	1.925284e+000	2.645383e+000
1.435882148576171e-007	1.919481e+000	2.644851e+000
1.438596434290457e-007	1.913707e+000	2.644317e+000
1.441310720004743e-007	1.907961e+000	2.643782e+000
1.445167862861886e-007	1.899848e+000	2.643018e+000
1.449025005719029e-007	1.891797e+000	2.642252e+000
1.452882148576172e-007	1.883810e+000	2.641483e+000
1.456739291433315e-007	1.875886e+000	2.640712e+000
1.460596434290458e-007	1.868026e+000	2.639938e+000
1.464453577147602e-007	1.860229e+000	2.639162e+000
1.468310720004745e-007	1.852495e+000	2.638383e+000
1.473310720004745e-007	1.842566e+000	2.637370e+000
1.478310720004745e-007	1.832755e+000	2.636354e+000
1.483310720004746e-007	1.823060e+000	2.635335e+000
1.488310720004746e-007	1.813482e+000	2.634313e+000
1.493310720004747e-007	1.804021e+000	2.633288e+000
1.498310720004747e-007	1.794677e+000	2.632260e+000
1.503310720004747e-007	1.785450e+000	2.631228e+000
1.510882148576177e-007	1.771705e+000	2.629661e+000
1.518453577147606e-007	1.758259e+000	2.628089e+000
1.526025005719035e-007	1.745112e+000	2.626511e+000
1.533596434290464e-007	1.732265e+000	2.624927e+000
1.541167862861893e-007	1.719717e+000	2.623338e+000
1.548739291433322e-007	1.707468e+000	2.621743e+000
1.556310720004751e-007	1.695519e+000	2.620143e+000
1.579025005719039e-007	1.661394e+000	2.615306e+000
1.601739291433326e-007	1.630476e+000	2.610439e+000
1.624453577147614e-007	1.602766e+000	2.605542e+000
1.647167862861901e-007	1.578264e+000	2.600614e+000
1.669882148576188e-007	1.556969e+000	2.595656e+000
1.692596434290476e-007	1.538881e+000	2.590669e+000
1.715310720004763e-007	1.524000e+000	2.585651e+000
1.737310720004765e-007	1.513057e+000	2.580776e+000
1.759310720004767e-007	1.505422e+000	2.575898e+000
1.781310720004768e-007	1.501093e+000	2.571016e+000
1.803310720004770e-007	1.500072e+000	2.566131e+000
1.825310720004772e-007	1.502357e+000	2.561243e+000
1.847310720004773e-007	1.507950e+000	2.556351e+000
1.869310720004775e-007	1.516850e+000	2.551456e+000
1.877739291433347e-007	1.521132e+000	2.549586e+000
1.886167862861919e-007	1.525884e+000	2.547718e+000
1.894596434290491e-007	1.531107e+000	2.545851e+000
1.903025005719063e-007	1.536800e+000	2.543987e+000
1.911453577147635e-007	1.542964e+000	2.542125e+000
1.919882148576207e-007	1.549599e+000	2.540264e+000
1.928310720004779e-007	1.556704e+000	2.538405e+000
1.932882148576208e-007	1.560748e+000	2.537399e+000
1.937453577147637e-007	1.564925e+000	2.536393e+000
1.942025005719066e-007	1.569235e+000	2.535388e+000
1.946596434290495e-007	1.573678e+000	2.534384e+000
1.951167862861924e-007	1.578254e+000	2.533381e+000
1.955739291433353e-007	1.582964e+000	2.532379e+000
1.960310720004782e-007	1.587806e+000	2.531378e+000
1.964596434290496e-007	1.592465e+000	2.530440e+000
1.968882148576211e-007	1.597236e+000	2.529504e+000
1.973167862861925e-007	1.602121e+000	2.528568e+000
1.977453577147640e-007	1.607118e+000	2.527634e+000
1.981739291433355e-007	1.612227e+000	2.526700e+000
1.986025005719069e-007	1.617450e+000	2.525768e+000
1.990310720004784e-007	1.622786e+000	2.524836e+000
1.995882148576213e-007	1.629889e+000	2.523627e+000
2.001453577147642e-007	1.637174e+000	2.522420e+000
2.007025005719071e-007	1.644640e+000	2.521215e+000
2.012596434290500e-007	1.652287e+000	2.520013e+000
2.018167862861929e-007	1.660115e+000	2.518813e+000
2.023739291433358e-007	1.668125e+000	2.517615e+000
2.029310720004787e-007	1.676316e+000	2.516419e+000
2.030310720004787e-007	1.677804e+000	2.516205e+000
2.037310720004787e-007	1.688388e+000	2.514707e+000
2.044310720004788e-007	1.699234e+000	2.513214e+000
2.051310720004789e-007	1.710345e+000	2.511727e+000
2.058310720004789e-007	1.721718e+000	2.510244e+000
2.065310720004790e-007	1.733356e+000	2.508767e+000
2.072310720004790e-007	1.745256e+000	2.507295e+000
2.079310720004791e-007	1.757420e+000	2.505828e+000
2.089025005719077e-007	1.774730e+000	2.503801e+000
2.098739291433363e-007	1.792480e+000	2.501789e+000
2.108453577147650e-007	1.810670e+000	2.499792e+000
2.118167862861936e-007	1.829300e+000	2.497810e+000
2.127882148576223e-007	1.848369e+000	2.495842e+000
2.137596434290509e-007	1.867879e+000	2.493890e+000
2.147310720004796e-007	1.887829e+000	2.491953e+000
2.156025005719082e-007	1.906060e+000	2.490231e+000
2.164739291433368e-007	1.924575e+000	2.488526e+000
2.173453577147655e-007	1.943376e+000	2.486839e+000
2.182167862861941e-007	1.962462e+000	2.485169e+000
2.190882148576228e-007	1.981832e+000	2.483516e+000
2.199596434290514e-007	2.001487e+000	2.481881e+000
2.208310720004800e-007	2.021427e+000	2.480264e+000
2.212739291433372e-007	2.031648e+000	2.479451e+000
2.217167862861944e-007	2.041928e+000	2.478643e+000
2.221596434290515e-007	2.052267e+000	2.477841e+000
2.226025005719087e-007	2.062666e+000	2.477044e+000
2.230453577147659e-007	2.073125e+000	2.476253e+000
2.234882148576231e-007	2.083643e+000	2.475468e+000
2.239310720004803e-007	2.094221e+000	2.474688e+000
2.244453577147660e-007	2.106575e+000	2.473790e+000
2.249596434290518e-007	2.118994e+000	2.472901e+000
2.254739291433375e-007	2.131480e+000	2.472021e+000
2.259882148576233e-007	2.144031e+000	2.471149e+000
2.265025005719090e-007	2.156647e+000	2.470287e+000
2.270167862861948e-007	2.169330e+000	2.469433e+000
2.275310720004805e-007	2.182078e+000	2.468588e+000
2.282453577147663e-007	2.199886e+000	2.467430e+000
2.289596434290521e-007	2.217784e+000	2.466292e+000
2.296739291433378e-007	2.235772e+000	2.465175e+000
2.303882148576236e-007	2.253848e+000	2.464079e+000
2.311025005719094e-007	2.272014e+000	2.463003e+000
2.318167862861951e-007	2.290270e+000	2.461947e+000
2.325310720004809e-007	2.308614e+000	2.460912e+000
2.332025005719095e-007	2.325918e+000	2.459960e+000
2.338739291433382e-007	2.343262e+000	2.459030e+000
2.345453577147668e-007	2.360646e+000	2.458122e+000
2.352167862861954e-007	2.378071e+000	2.457236e+000
2.358882148576240e-007	2.395536e+000	2.456372e+000
2.365596434290526e-007	2.413041e+000	2.455531e+000
2.372310720004813e-007	2.430587e+000	2.454711e+000
2.375882148576242e-007	2.439924e+000	2.454286e+000
2.379453577147670e-007	2.449264e+000	2.453867e+000
2.383025005719099e-007	2.458608e+000	2.453457e+000
2.386596434290528e-007	2.467954e+000	2.453054e+000
2.390167862861957e-007	2.477304e+000	2.452658e+000
2.393739291433386e-007	2.486657e+000	2.452269e+000
2.397310720004815e-007	2.496013e+000	2.451889e+000
2.398310720004815e-007	2.498632e+000	2.451783e+000
2.399310720004815e-007	2.500000e+000	2.451678e+000
2.400310720004815e-007	2.500000e+000	2.451574e+000
2.402310720004815e-007	2.500000e+000	2.451367e+000
2.404310720004815e-007	2.500000e+000	2.451163e+000
2.407310720004815e-007	2.500000e+000	2.450861e+000
2.410167862861958e-007	2.500000e+000	2.450578e+000
2.413025005719101e-007	2.500000e+000	2.450300e+000
2.415882148576244e-007	2.500000e+000	2.450026e+000
2.418739291433388e-007	2.500000e+000	2.449756e+000
2.421596434290531e-007	2.500000e+000	2.449491e+000
2.424453577147674e-007	2.500000e+000	2.449230e+000
2.427310720004817e-007	2.500000e+000	2.448973e+000
2.429453577147674e-007	2.500000e+000	2.448783e+000
2.431596434290532e-007	2.500000e+000	2.448595e+000
2.433739291433389e-007	2.500000e+000	2.448409e+000
2.435882148576246e-007	2.500000e+000	2.448226e+000
2.438025005719103e-007	2.500000e+000	2.448045e+000
2.440167862861961e-007	2.500000e+000	2.447866e+000
2.442310720004818e-007	2.500000e+000	2.447690e+000
2.446025005719104e-007	2.500000e+000	2.447389e+000
2.449739291433390e-007	2.500000e+000	2.447096e+000
2.453453577147676e-007	2.500000e+000	2.446809e+000
2.457167862861962e-007	2.500000e+000	2.446530e+000
2.460882148576248e-007	2.500000e+000	2.446257e+000
2.464596434290534e-007	2.500000e+000	2.445992e+000
2.468310720004820e-007	2.500000e+000	2.445733e+000
2.483310720004821e-007	2.500000e+000	2.444762e+000
2.498310720004822e-007	2.500000e+000	2.443910e+000
2.513310720004823e-007	2.500000e+000	2.443178e+000
2.528310720004824e-007	2.500000e+000	2.442565e+000
2.543310720004825e-007	2.500000e+000	2.442071e+000
2.558310720004827e-007	2.500000e+000	2.441696e+000
2.573310720004828e-007	2.500000e+000	2.441441e+000
2.581167862861971e-007	2.500000e+000	2.441355e+000
2.589025005719114e-007	2.500000e+000	2.441302e+000
2.596882148576258e-007	2.500000e+000	2.441280e+000
2.604739291433402e-007	2.500000e+000	2.441290e+000
2.612596434290545e-007	2.500000e+000	2.441332e+000
2.620453577147688e-007	2.500000e+000	2.441405e+000
2.628310720004832e-007	2.500000e+000	2.441511e+000
2.645453577147690e-007	2.500000e+000	2.441858e+000
2.662596434290549e-007	2.500000e+000	2.442340e+000
2.679739291433407e-007	2.500000e+000	2.442958e+000
2.696882148576265e-007	2.500000e+000	2.443710e+000
2.714025005719124e-007	2.500000e+000	2.444598e+000
2.731167862861982e-007	2.500000e+000	2.445621e+000
2.748310720004841e-007	2.500000e+000	2.446779e+000
2.754310720004841e-007	2.500000e+000	2.447209e+000
2.760310720004842e-007	2.500000e+000	2.447653e+000
2.766310720004842e-007	2.500000e+000	2.448110e+000
2.772310720004843e-007	2.500000e+000	2.448580e+000
2.778310720004843e-007	2.500000e+000	2.449063e+000
2.784310720004844e-007	2.500000e+000	2.449560e+000
2.790310720004844e-007	2.500000e+000	2.450069e+000
2.797453577147702e-007	2.500000e+000	2.450692e+000
2.804596434290560e-007	2.500000e+000	2.451326e+000
2.811739291433417e-007	2.500000e+000	2.451973e+000
2.818882148576275e-007	2.500000e+000	2.452631e+000
2.826025005719132e-007	2.500000e+000	2.453302e+000
2.833167862861990e-007	2.500000e+000	2.453984e+000
2.840310720004848e-007	2.500000e+000	2.454678e+000
2.850596434290563e-007	2.500000e+000	2.455692e+000
2.860882148576278e-007	2.500000e+000	2.456716e+000
2.871167862861993e-007	2.500000e+000	2.457749e+000
2.881453577147708e-007	2.500000e+000	2.458791e+000
2.891739291433423e-007	2.500000e+000	2.459843e+000
2.902025005719138e-007	2.500000e+000	2.460904e+000
2.912310720004853e-007	2.500000e+000	2.461974e+000
2.925453577147711e-007	2.500000e+000	2.463345e+000
2.938596434290570e-007	2.500000e+000	2.464719e+000
2.951739291433428e-007	2.500000e+000	2.466095e+000
2.964882148576286e-007	2.500000e+000	2.467474e+000
2.978025005719144e-007	2.500000e+000	2.468856e+000
2.991167862862002e-007	2.500000e+000	2.470240e+000
3.004310720004860e-007	2.500000e+000	2.471627e+000
3.054310720004864e-007	2.500000e+000	2.476891e+000
3.079453577147723e-007	2.500000e+000	2.479540e+000
3.104596434290582e-007	2.500000e+000	2.482173e+000
3.129739291433441e-007	2.500000e+000	2.484788e+000
3.154882148576300e-007	2.500000e+000	2.487387e+000
3.180025005719159e-007	2.500000e+000	2.489970e+000
3.205167862862018e-007	2.500000e+000	2.492536e+000
3.230310720004877e-007	2.500000e+000	2.495085e+000
3.250310720004879e-007	2.500000e+000	2.497092e+000
3.270310720004880e-007	2.500000e+000	2.499063e+000
3.290310720004882e-007	2.500000e+000	2.500996e+000
3.310310720004883e-007	2.500000e+000	2.502893e+000
3.330310720004885e-007	2.500000e+000	2.504752e+000
3.350310720004886e-007	2.500000e+000	2.506573e+000
3.370310720004888e-007	2.500000e+000	2.508358e+000
3.400739291433462e-007	2.500000e+000	2.510979e+000
3.431167862862035e-007	2.500000e+000	2.513424e+000
3.461596434290609e-007	2.500000e+000	2.515694e+000
3.492025005719182e-007	2.500000e+000	2.517788e+000
3.522453577147756e-007	2.500000e+000	2.519706e+000
3.552882148576330e-007	2.500000e+000	2.521449e+000
3.583310720004904e-007	2.500000e+000	2.523016e+000
3.604167862862048e-007	2.500000e+000	2.523953e+000
3.625025005719192e-007	2.500000e+000	2.524788e+000
3.645882148576337e-007	2.500000e+000	2.525520e+000
3.666739291433482e-007	2.500000e+000	2.526151e+000
3.687596434290626e-007	2.500000e+000	2.526679e+000
3.708453577147770e-007	2.500000e+000	2.527105e+000
3.729310720004915e-007	2.500000e+000	2.527428e+000
3.737882148576344e-007	2.500000e+000	2.527531e+000
3.746453577147773e-007	2.500000e+000	2.527617e+000
3.755025005719202e-007	2.500000e+000	2.527685e+000
3.763596434290632e-007	2.500000e+000	2.527736e+000
3.772167862862061e-007	2.500000e+000	2.527771e+000
3.780739291433490e-007	2.500000e+000	2.527788e+000
3.789310720004919e-007	2.500000e+000	2.527788e+000
3.803739291433492e-007	2.500000e+000	2.527749e+000
3.818167862862064e-007	2.500000e+000	2.527665e+000
3.832596434290637e-007	2.500000e+000	2.527537e+000
3.847025005719209e-007	2.500000e+000	2.527363e+000
3.861453577147782e-007	2.500000e+000	2.527145e+000
3.875882148576354e-007	2.500000e+000	2.526881e+000
3.890310720004927e-007	2.500000e+000	2.526573e+000
3.917025005719214e-007	2.500000e+000	2.525876e+000
3.943739291433502e-007	2.500000e+000	2.525063e+000
3.970453577147790e-007	2.500000e+000	2.524134e+000
3.997167862862077e-007	2.500000e+000	2.523090e+000
4.023882148576366e-007	2.500000e+000	2.521930e+000
4.050596434290653e-007	2.500000e+000	2.520654e+000
4.077310720004941e-007	2.500000e+000	2.519262e+000
4.078310720004941e-007	2.500000e+000	2.519209e+000
4.120453577147801e-007	2.500000e+000	2.516778e+000
4.162596434290662e-007	2.500000e+000	2.514277e+000
4.204739291433522e-007	2.500000e+000	2.511707e+000
4.246882148576382e-007	2.500000e+000	2.509069e+000
4.289025005719242e-007	2.500000e+000	2.506361e+000
4.331167862862103e-007	2.500000e+000	2.503584e+000
4.373310720004963e-007	2.500000e+000	2.500739e+000
4.409025005719251e-007	2.500000e+000	2.498416e+000
4.444739291433540e-007	2.500000e+000	2.496209e+000
4.480453577147828e-007	2.500000e+000	2.494117e+000
4.516167862862116e-007	2.500000e+000	2.492140e+000
4.551882148576405e-007	2.500000e+000	2.490279e+000
4.587596434290694e-007	2.500000e+000	2.488532e+000
4.623310720004982e-007	2.500000e+000	2.486901e+000
4.648310720004984e-007	2.500000e+000	2.485882e+000
4.673310720004986e-007	2.500000e+000	2.484954e+000
4.698310720004987e-007	2.500000e+000	2.484119e+000
4.723310720004989e-007	2.500000e+000	2.483376e+000
4.748310720004991e-007	2.500000e+000	2.482725e+000
4.773310720004992e-007	2.500000e+000	2.482166e+000
4.798310720004994e-007	2.500000e+000	2.481699e+000
4.812739291433567e-007	2.500000e+000	2.481477e+000
4.827167862862140e-007	2.500000e+000	2.481287e+000
4.841596434290712e-007	2.500000e+000	2.481129e+000
4.856025005719284e-007	2.500000e+000	2.481003e+000
4.870453577147856e-007	2.500000e+000	2.480909e+000
4.884882148576430e-007	2.500000e+000	2.480848e+000
4.899310720005002e-007	2.500000e+000	2.480819e+000
4.909167862862146e-007	2.500000e+000	2.480817e+000
4.919025005719289e-007	2.500000e+000	2.480829e+000
4.928882148576433e-007	2.500000e+000	2.480856e+000
4.938739291433576e-007	2.500000e+000	2.480897e+000
4.948596434290720e-007	2.500000e+000	2.480952e+000
4.958453577147863e-007	2.500000e+000	2.481021e+000
4.968310720005007e-007	2.500000e+000	2.481105e+000
4.987310720005009e-007	2.500000e+000	2.481308e+000
5.006310720005010e-007	2.500000e+000	2.481556e+000
5.025310720005011e-007	2.500000e+000	2.481851e+000
5.044310720005013e-007	2.500000e+000	2.482191e+000
5.063310720005014e-007	2.500000e+000	2.482577e+000
5.082310720005016e-007	2.500000e+000	2.483009e+000
5.101310720005017e-007	2.500000e+000	2.483486e+000
5.102310720005017e-007	2.500000e+000	2.483512e+000
5.149739291433592e-007	2.500000e+000	2.484957e+000
5.197167862862168e-007	2.500000e+000	2.486525e+000
5.244596434290742e-007	2.500000e+000	2.488214e+000
5.292025005719317e-007	2.500000e+000	2.490025e+000
5.339453577147893e-007	2.500000e+000	2.491958e+000
5.386882148576467e-007	2.500000e+000	2.494013e+000
5.434310720005042e-007	2.500000e+000	2.496190e+000
5.473167862862188e-007	2.500000e+000	2.497935e+000
5.512025005719334e-007	2.500000e+000	2.499615e+000
5.550882148576480e-007	2.500000e+000	2.501229e+000
5.589739291433625e-007	2.500000e+000	2.502777e+000
5.628596434290771e-007	2.500000e+000	2.504259e+000
5.667453577147917e-007	2.500000e+000	2.505675e+000
5.706310720005063e-007	2.500000e+000	2.507026e+000
5.734739291433636e-007	2.500000e+000	2.507922e+000
5.763167862862210e-007	2.500000e+000	2.508744e+000
5.791596434290783e-007	2.500000e+000	2.509494e+000
5.820025005719357e-007	2.500000e+000	2.510171e+000
5.848453577147930e-007	2.500000e+000	2.510776e+000
5.876882148576504e-007	2.500000e+000	2.511308e+000
5.905310720005078e-007	2.500000e+000	2.511767e+000
5.923596434290793e-007	2.500000e+000	2.512017e+000
5.941882148576509e-007	2.500000e+000	2.512234e+000
5.960167862862225e-007	2.500000e+000	2.512418e+000
5.978453577147940e-007	2.500000e+000	2.512569e+000
5.996739291433656e-007	2.500000e+000	2.512687e+000
6.015025005719371e-007	2.500000e+000	2.512772e+000
6.033310720005087e-007	2.500000e+000	2.512824e+000
6.044167862862231e-007	2.500000e+000	2.512840e+000
6.055025005719374e-007	2.500000e+000	2.512844e+000
6.065882148576518e-007	2.500000e+000	2.512838e+000
6.076739291433662e-007	2.500000e+000	2.512820e+000
6.087596434290806e-007	2.500000e+000	2.512792e+000
6.098453577147949e-007	2.500000e+000	2.512752e+000
6.109310720005093e-007	2.500000e+000	2.512701e+000
6.126310720005094e-007	2.500000e+000	2.512600e+000
6.154453577147953e-007	2.500000e+000	2.512369e+000
6.182596434290813e-007	2.500000e+000	2.512079e+000
6.210739291433672e-007	2.500000e+000	2.511730e+000
6.238882148576531e-007	2.500000e+000	2.511321e+000
6.267025005719390e-007	2.500000e+000	2.510854e+000
6.295167862862250e-007	2.500000e+000	2.510328e+000
6.323310720005109e-007	2.500000e+000	2.509742e+000
6.380596434290828e-007	2.500000e+000	2.508334e+000
6.437882148576546e-007	2.500000e+000	2.506875e+000
6.495167862862265e-007	2.500000e+000	2.505367e+000
6.552453577147984e-007	2.500000e+000	2.503809e+000
6.609739291433702e-007	2.500000e+000	2.502201e+000
6.667025005719420e-007	2.500000e+000	2.500544e+000
6.724310720005139e-007	2.500000e+000	2.498837e+000
6.759453577147998e-007	2.500000e+000	2.497874e+000
6.794596434290859e-007	2.500000e+000	2.496966e+000
6.829739291433718e-007	2.500000e+000	2.496112e+000
6.864882148576579e-007	2.500000e+000	2.495314e+000
6.900025005719438e-007	2.500000e+000	2.494570e+000
6.935167862862298e-007	2.500000e+000	2.493881e+000
6.970310720005158e-007	2.500000e+000	2.493247e+000
6.995453577148016e-007	2.500000e+000	2.492845e+000
7.020596434290876e-007	2.500000e+000	2.492484e+000
7.045739291433734e-007	2.500000e+000	2.492162e+000
7.070882148576594e-007	2.500000e+000	2.491880e+000
7.096025005719453e-007	2.500000e+000	2.491638e+000
7.121167862862312e-007	2.500000e+000	2.491435e+000
7.146310720005171e-007	2.500000e+000	2.491272e+000
7.150310720005171e-007	2.500000e+000	2.491251e+000
7.163453577148029e-007	2.500000e+000	2.491186e+000
7.176596434290887e-007	2.500000e+000	2.491133e+000
7.189739291433745e-007	2.500000e+000	2.491090e+000
7.202882148576604e-007	2.500000e+000	2.491059e+000
7.216025005719462e-007	2.500000e+000	2.491038e+000
7.229167862862320e-007	2.500000e+000	2.491029e+000
7.242310720005178e-007	2.500000e+000	2.491031e+000
7.261167862862323e-007	2.500000e+000	2.491053e+000
7.280025005719466e-007	2.500000e+000	2.491096e+000
7.298882148576611e-007	2.500000e+000	2.491159e+000
7.317739291433755e-007	2.500000e+000	2.491243e+000
7.336596434290900e-007	2.500000e+000	2.491348e+000
7.355453577148043e-007	2.500000e+000	2.491474e+000
7.374310720005188e-007	2.500000e+000	2.491620e+000
7.413167862862334e-007	2.500000e+000	2.491995e+000
7.452025005719479e-007	2.500000e+000	2.492425e+000
7.490882148576626e-007	2.500000e+000	2.492912e+000
7.529739291433771e-007	2.500000e+000	2.493454e+000
7.568596434290917e-007	2.500000e+000	2.494052e+000
7.607453577148063e-007	2.500000e+000	2.494706e+000
7.646310720005208e-007	2.500000e+000	2.495416e+000
7.695739291433783e-007	2.500000e+000	2.496375e+000
7.745167862862359e-007	2.500000e+000	2.497323e+000
7.794596434290934e-007	2.500000e+000	2.498261e+000
7.844025005719509e-007	2.500000e+000	2.499187e+000
7.893453577148085e-007	2.500000e+000	2.500103e+000
7.942882148576659e-007	2.500000e+000	2.501008e+000
7.992310720005234e-007	2.500000e+000	2.501903e+000
8.018167862862380e-007	2.500000e+000	2.502331e+000
8.044025005719524e-007	2.500000e+000	2.502738e+000
8.069882148576669e-007	2.500000e+000	2.503123e+000
8.095739291433813e-007	2.500000e+000	2.503487e+000
8.121596434290958e-007	2.500000e+000	2.503829e+000
8.147453577148103e-007	2.500000e+000	2.504150e+000
8.173310720005248e-007	2.500000e+000	2.504450e+000
8.174310720005248e-007	2.500000e+000	2.504461e+000
8.200596434290964e-007	2.500000e+000	2.504736e+000
8.226882148576681e-007	2.500000e+000	2.504984e+000
8.253167862862397e-007	2.500000e+000	2.505203e+000
8.279453577148113e-007	2.500000e+000	2.505394e+000
8.305739291433829e-007	2.500000e+000	2.505557e+000
8.332025005719545e-007	2.500000e+000	2.505692e+000
8.358310720005262e-007	2.500000e+000	2.505799e+000
8.372739291433834e-007	2.500000e+000	2.505844e+000
8.387167862862407e-007	2.500000e+000	2.505882e+000
8.401596434290980e-007	2.500000e+000	2.505910e+000
8.416025005719552e-007	2.500000e+000	2.505930e+000
8.430453577148124e-007	2.500000e+000	2.505942e+000
8.444882148576697e-007	2.500000e+000	2.505945e+000
8.459310720005269e-007	2.500000e+000	2.505940e+000
8.481453577148128e-007	2.500000e+000	2.505914e+000
8.503596434290987e-007	2.500000e+000	2.505871e+000
8.525739291433846e-007	2.500000e+000	2.505810e+000
8.547882148576705e-007	2.500000e+000	2.505731e+000
8.570025005719563e-007	2.500000e+000	2.505634e+000
8.592167862862423e-007	2.500000e+000	2.505519e+000
8.614310720005281e-007	2.500000e+000	2.505386e+000
8.660167862862428e-007	2.500000e+000	2.505045e+000
8.706025005719574e-007	2.500000e+000	2.504661e+000
8.751882148576720e-007	2.500000e+000	2.504236e+000
8.797739291433866e-007	2.500000e+000	2.503768e+000
8.843596434291013e-007	2.500000e+000	2.503258e+000
8.889453577148159e-007	2.500000e+000	2.502705e+000
8.935310720005305e-007	2.500000e+000	2.502110e+000
8.972739291433879e-007	2.500000e+000	2.501620e+000
9.010167862862454e-007	2.500000e+000	2.501137e+000
9.047596434291028e-007	2.500000e+000	2.500659e+000
9.085025005719602e-007	2.500000e+000	2.500189e+000
9.122453577148177e-007	2.500000e+000	2.499724e+000
9.159882148576751e-007	2.500000e+000	2.499266e+000
9.197310720005325e-007	2.500000e+000	2.498814e+000
9.198310720005325e-007	2.500000e+000	2.498803e+000
9.233596434291042e-007	2.500000e+000	2.498400e+000
9.268882148576759e-007	2.500000e+000	2.498024e+000
9.304167862862476e-007	2.500000e+000	2.497674e+000
9.339453577148192e-007	2.500000e+000	2.497350e+000
9.374739291433909e-007	2.500000e+000	2.497053e+000
9.410025005719626e-007	2.500000e+000	2.496782e+000
9.445310720005343e-007	2.500000e+000	2.496537e+000
9.470596434291060e-007	2.500000e+000	2.496385e+000
9.495882148576776e-007	2.500000e+000	2.496250e+000
9.521167862862493e-007	2.500000e+000	2.496132e+000
9.546453577148209e-007	2.500000e+000	2.496031e+000
9.571739291433924e-007	2.500000e+000	2.495948e+000
9.597025005719642e-007	2.500000e+000	2.495882e+000
9.622310720005357e-007	2.500000e+000	2.495833e+000
9.642453577148216e-007	2.500000e+000	2.495807e+000
9.662596434291073e-007	2.500000e+000	2.495792e+000
9.682739291433932e-007	2.500000e+000	2.495787e+000
9.702882148576792e-007	2.500000e+000	2.495793e+000
9.723025005719651e-007	2.500000e+000	2.495810e+000
9.743167862862508e-007	2.500000e+000	2.495837e+000
9.763310720005367e-007	2.500000e+000	2.495875e+000
9.795882148576799e-007	2.500000e+000	2.495960e+000
9.828453577148230e-007	2.500000e+000	2.496066e+000
9.861025005719661e-007	2.500000e+000	2.496194e+000
9.893596434291091e-007	2.500000e+000	2.496343e+000
9.926167862862522e-007	2.500000e+000	2.496514e+000
9.958739291433953e-007	2.500000e+000	2.496706e+000
9.991310720005385e-007	2.500000e+000	2.496919e+000
1.002416786286253e-006	2.500000e+000	2.497151e+000
1.005702500571968e-006	2.500000e+000	2.497392e+000
1.008988214857682e-006	2.500000e+000	2.497643e+000
1.012273929143397e-006	2.500000e+000	2.497902e+000
1.015559643429111e-006	2.500000e+000	2.498171e+000
1.018845357714826e-006	2.500000e+000	2.498448e+000
1.022131072000540e-006	2.500000e+000	2.498735e+000
1.022231072000540e-006	2.500000e+000	2.498744e+000
1.026831072000541e-006	2.500000e+000	2.499153e+000
1.031431072000541e-006	2.500000e+000	2.499549e+000
1.036031072000541e-006	2.500000e+000	2.499931e+000
1.040631072000542e-006	2.500000e+000	2.500301e+000
1.045231072000542e-006	2.500000e+000	2.500657e+000
1.049831072000542e-006	2.500000e+000	2.500999e+000
1.054431072000543e-006	2.500000e+000	2.501329e+000
1.057745357714829e-006	2.500000e+000	2.501543e+000
1.061059643429114e-006	2.500000e+000	2.501740e+000
1.064373929143401e-006	2.500000e+000	2.501920e+000
1.067688214857687e-006	2.500000e+000	2.502082e+000
1.071002500571973e-006	2.500000e+000	2.502227e+000
1.074316786286258e-006	2.500000e+000	2.502354e+000
1.077631072000544e-006	2.500000e+000	2.502463e+000
1.079931072000545e-006	2.500000e+000	2.502527e+000
1.082231072000545e-006	2.500000e+000	2.502581e+000
1.084531072000545e-006	2.500000e+000	2.502626e+000
1.086831072000545e-006	2.500000e+000	2.502662e+000
1.089131072000545e-006	2.500000e+000	2.502688e+000
1.091431072000545e-006	2.500000e+000	2.502704e+000
1.093731072000546e-006	2.500000e+000	2.502711e+000
1.096016786286260e-006	2.500000e+000	2.502709e+000
1.098302500571975e-006	2.500000e+000	2.502698e+000
1.100588214857689e-006	2.500000e+000	2.502679e+000
1.102873929143403e-006	2.500000e+000	2.502652e+000
1.105159643429118e-006	2.500000e+000	2.502616e+000
1.107445357714832e-006	2.500000e+000	2.502572e+000
1.109731072000547e-006	2.500000e+000	2.502519e+000
1.111845357714833e-006	2.500000e+000	2.502464e+000
1.113959643429118e-006	2.500000e+000	2.502402e+000
1.116073929143404e-006	2.500000e+000	2.502336e+000
1.118188214857690e-006	2.500000e+000	2.502263e+000
1.120302500571976e-006	2.500000e+000	2.502186e+000
1.122416786286262e-006	2.500000e+000	2.502102e+000
1.124531072000548e-006	2.500000e+000	2.502013e+000
1.124631072000548e-006	2.500000e+000	2.502009e+000
1.131531072000548e-006	2.500000e+000	2.501661e+000
1.138431072000549e-006	2.500000e+000	2.501305e+000
1.145331072000549e-006	2.500000e+000	2.500942e+000
1.152231072000550e-006	2.500000e+000	2.500570e+000
1.159131072000551e-006	2.500000e+000	2.500190e+000
1.166031072000551e-006	2.500000e+000	2.499802e+000
1.172931072000552e-006	2.500000e+000	2.499406e+000
1.176716786286266e-006	2.500000e+000	2.499214e+000
1.180502500571981e-006	2.500000e+000	2.499034e+000
1.184288214857695e-006	2.500000e+000	2.498868e+000
1.188073929143410e-006	2.500000e+000	2.498715e+000
1.191859643429124e-006	2.500000e+000	2.498575e+000
1.195645357714839e-006	2.500000e+000	2.498448e+000
1.199431072000554e-006	2.500000e+000	2.498334e+000
1.202216786286268e-006	2.500000e+000	2.498262e+000
1.205002500571983e-006	2.500000e+000	2.498199e+000
1.207788214857697e-006	2.500000e+000	2.498146e+000
1.210573929143411e-006	2.500000e+000	2.498101e+000
1.213359643429126e-006	2.500000e+000	2.498065e+000
1.216145357714841e-006	2.500000e+000	2.498038e+000
1.218931072000555e-006	2.500000e+000	2.498020e+000
1.220073929143412e-006	2.500000e+000	2.498016e+000
1.221216786286269e-006	2.500000e+000	2.498013e+000
1.222359643429127e-006	2.500000e+000	2.498011e+000
1.223502500571984e-006	2.500000e+000	2.498011e+000
1.224645357714841e-006	2.500000e+000	2.498012e+000
1.225788214857698e-006	2.500000e+000	2.498015e+000
1.226931072000556e-006	2.500000e+000	2.498019e+000
1.227031072000556e-006	2.500000e+000	2.498019e+000
1.230202500571985e-006	2.500000e+000	2.498040e+000
1.233373929143413e-006	2.500000e+000	2.498071e+000
1.236545357714842e-006	2.500000e+000	2.498111e+000
1.239716786286271e-006	2.500000e+000	2.498160e+000
1.242888214857700e-006	2.500000e+000	2.498220e+000
1.246059643429128e-006	2.500000e+000	2.498289e+000
1.249231072000557e-006	2.500000e+000	2.498367e+000
1.256859643429129e-006	2.500000e+000	2.498608e+000
1.264488214857701e-006	2.500000e+000	2.498859e+000
1.272116786286273e-006	2.500000e+000	2.499119e+000
1.279745357714845e-006	2.500000e+000	2.499388e+000
1.287373929143417e-006	2.500000e+000	2.499667e+000
1.295002500571989e-006	2.500000e+000	2.499956e+000
1.302631072000561e-006	2.500000e+000	2.500254e+000
1.306445357714847e-006	2.500000e+000	2.500383e+000
1.310259643429133e-006	2.500000e+000	2.500505e+000
1.314073929143419e-006	2.500000e+000	2.500617e+000
1.317888214857705e-006	2.500000e+000	2.500720e+000
1.321702500571991e-006	2.500000e+000	2.500815e+000
1.325516786286277e-006	2.500000e+000	2.500901e+000
1.329331072000563e-006	2.500000e+000	2.500979e+000
1.329431072000563e-006	2.500000e+000	2.500981e+000
1.332431072000564e-006	2.500000e+000	2.501033e+000
1.335431072000564e-006	2.500000e+000	2.501078e+000
1.338431072000564e-006	2.500000e+000	2.501116e+000
1.341431072000564e-006	2.500000e+000	2.501147e+000
1.344431072000564e-006	2.500000e+000	2.501172e+000
1.347431072000565e-006	2.500000e+000	2.501189e+000
1.350431072000565e-006	2.500000e+000	2.501200e+000
1.353159643429136e-006	2.500000e+000	2.501204e+000
1.355888214857708e-006	2.500000e+000	2.501202e+000
1.358616786286280e-006	2.500000e+000	2.501195e+000
1.361345357714851e-006	2.500000e+000	2.501182e+000
1.364073929143423e-006	2.500000e+000	2.501164e+000
1.366802500571995e-006	2.500000e+000	2.501142e+000
1.369531072000566e-006	2.500000e+000	2.501113e+000
1.374631072000567e-006	2.500000e+000	2.501045e+000
1.379731072000567e-006	2.500000e+000	2.500965e+000
1.384831072000567e-006	2.500000e+000	2.500876e+000
1.389931072000568e-006	2.500000e+000	2.500776e+000
1.395031072000568e-006	2.500000e+000	2.500665e+000
1.400131072000569e-006	2.500000e+000	2.500545e+000
1.405231072000569e-006	2.500000e+000	2.500414e+000
1.409016786286284e-006	2.500000e+000	2.500316e+000
1.412802500571998e-006	2.500000e+000	2.500218e+000
1.416588214857713e-006	2.500000e+000	2.500122e+000
1.420373929143427e-006	2.500000e+000	2.500026e+000
1.424159643429142e-006	2.500000e+000	2.499932e+000
1.427945357714856e-006	2.500000e+000	2.499838e+000
1.431731072000571e-006	2.500000e+000	2.499745e+000
1.431831072000571e-006	2.500000e+000	2.499742e+000
1.436045357714857e-006	2.500000e+000	2.499643e+000
1.440259643429143e-006	2.500000e+000	2.499551e+000
1.444473929143429e-006	2.500000e+000	2.499466e+000
1.448688214857715e-006	2.500000e+000	2.499388e+000
1.452902500572001e-006	2.500000e+000	2.499316e+000
1.457116786286287e-006	2.500000e+000	2.499252e+000
1.461331072000573e-006	2.500000e+000	2.499194e+000
1.464573929143431e-006	2.500000e+000	2.499157e+000
1.467816786286288e-006	2.500000e+000	2.499124e+000
1.471059643429145e-006	2.500000e+000	2.499098e+000
1.474302500572003e-006	2.500000e+000	2.499076e+000
1.477545357714860e-006	2.500000e+000	2.499060e+000
1.480788214857718e-006	2.500000e+000	2.499049e+000
1.484031072000575e-006	2.500000e+000	2.499043e+000
1.486288214857718e-006	2.500000e+000	2.499043e+000
1.488545357714861e-006	2.500000e+000	2.499045e+000
1.490802500572004e-006	2.500000e+000	2.499049e+000
1.493059643429147e-006	2.500000e+000	2.499056e+000
1.495316786286290e-006	2.500000e+000	2.499065e+000
1.497573929143433e-006	2.500000e+000	2.499076e+000
1.499831072000576e-006	2.500000e+000	2.499090e+000
1.499931072000576e-006	2.500000e+000	2.499091e+000
1.500000000000000e-006	2.500000e+000	2.499091e+000
