0.000000000000000e+000	2.500000e+000	2.499919e+000
1.000000003627494e-015	2.500000e+000	2.499919e+000
2.000000007254988e-015	2.500000e+000	2.499919e+000
9.015485721078666e-011	2.505665e+000	2.499920e+000
1.803077144215661e-010	2.511329e+000	2.499921e+000
2.704605716323455e-010	2.516993e+000	2.499923e+000
3.606134288431249e-010	2.522656e+000	2.499924e+000
4.507662860539043e-010	2.528318e+000	2.499926e+000
5.409191432646837e-010	2.533980e+000	2.499927e+000
6.310720004754629e-010	2.539641e+000	2.499928e+000
7.310720004754629e-010	2.545918e+000	2.499930e+000
8.310720004754628e-010	2.552194e+000	2.499932e+000
9.310720004754628e-010	2.558468e+000	2.499934e+000
1.031072000475463e-009	2.564739e+000	2.499937e+000
1.131072000475463e-009	2.571007e+000	2.499939e+000
1.231072000475463e-009	2.577273e+000	2.499942e+000
1.331072000475463e-009	2.583536e+000	2.499945e+000
1.431072000475463e-009	2.589796e+000	2.499949e+000
1.531072000475463e-009	2.596052e+000	2.499952e+000
1.631072000475463e-009	2.602304e+000	2.499956e+000
1.731072000475463e-009	2.608552e+000	2.499961e+000
1.931072000475463e-009	2.621035e+000	2.499971e+000
2.131072000475463e-009	2.633499e+000	2.499984e+000
2.331072000475464e-009	2.645942e+000	2.499999e+000
2.531072000475464e-009	2.658362e+000	2.500016e+000
2.731072000475464e-009	2.670757e+000	2.500036e+000
3.031072000475464e-009	2.689299e+000	2.500071e+000
3.331072000475464e-009	2.707773e+000	2.500114e+000
3.631072000475464e-009	2.726173e+000	2.500165e+000
3.859643429046893e-009	2.740146e+000	2.500208e+000
4.088214857618322e-009	2.754062e+000	2.500258e+000
4.316786286189751e-009	2.767921e+000	2.500313e+000
4.545357714761180e-009	2.781724e+000	2.500375e+000
4.773929143332608e-009	2.795470e+000	2.500442e+000
5.002500571904038e-009	2.809159e+000	2.500515e+000
5.231072000475466e-009	2.822792e+000	2.500593e+000
5.531072000475466e-009	2.840574e+000	2.500706e+000
5.831072000475466e-009	2.858235e+000	2.500831e+000
6.031072000475466e-009	2.869939e+000	2.500920e+000
6.231072000475466e-009	2.881584e+000	2.501014e+000
6.331072000475466e-009	2.887385e+000	2.501063e+000
6.431072000475466e-009	2.893169e+000	2.501113e+000
6.531072000475466e-009	2.898939e+000	2.501164e+000
6.631072000475467e-009	2.904692e+000	2.501217e+000
6.731072000475467e-009	2.910430e+000	2.501271e+000
6.831072000475467e-009	2.916152e+000	2.501326e+000
6.931072000475467e-009	2.921857e+000	2.501383e+000
7.031072000475467e-009	2.927545e+000	2.501441e+000
7.131072000475467e-009	2.933217e+000	2.501499e+000
7.231072000475467e-009	2.938871e+000	2.501560e+000
7.331072000475467e-009	2.944508e+000	2.501621e+000
7.531072000475466e-009	2.955729e+000	2.501748e+000
7.731072000475465e-009	2.966878e+000	2.501879e+000
7.831072000475464e-009	2.972425e+000	2.501947e+000
7.931072000475463e-009	2.977954e+000	2.502016e+000
8.031072000475463e-009	2.983464e+000	2.502086e+000
8.131072000475462e-009	2.988954e+000	2.502157e+000
8.231072000475461e-009	2.994425e+000	2.502230e+000
8.331072000475460e-009	2.999877e+000	2.502304e+000
8.431072000475459e-009	3.005309e+000	2.502379e+000
8.531072000475459e-009	3.010721e+000	2.502455e+000
8.631072000475458e-009	3.016113e+000	2.502533e+000
8.731072000475457e-009	3.021484e+000	2.502612e+000
8.831072000475456e-009	3.026835e+000	2.502692e+000
8.931072000475456e-009	3.032165e+000	2.502773e+000
9.031072000475455e-009	3.037474e+000	2.502855e+000
9.131072000475454e-009	3.042762e+000	2.502939e+000
9.231072000475453e-009	3.048028e+000	2.503024e+000
9.331072000475453e-009	3.053273e+000	2.503110e+000
9.431072000475452e-009	3.058496e+000	2.503197e+000
9.531072000475451e-009	3.063697e+000	2.503286e+000
9.631072000475450e-009	3.068876e+000	2.503376e+000
9.731072000475450e-009	3.074032e+000	2.503467e+000
9.831072000475449e-009	3.079165e+000	2.503559e+000
9.931072000475448e-009	3.084276e+000	2.503653e+000
1.003107200047545e-008	3.089364e+000	2.503747e+000
1.013107200047545e-008	3.094428e+000	2.503844e+000
1.023107200047545e-008	3.099469e+000	2.503941e+000
1.033107200047545e-008	3.104486e+000	2.504040e+000
1.043107200047544e-008	3.109479e+000	2.504139e+000
1.053107200047544e-008	3.114449e+000	2.504240e+000
1.063107200047544e-008	3.119394e+000	2.504343e+000
1.073107200047544e-008	3.124314e+000	2.504446e+000
1.083107200047544e-008	3.129210e+000	2.504550e+000
1.093107200047544e-008	3.134081e+000	2.504656e+000
1.123107200047544e-008	3.148543e+000	2.504980e+000
1.133107200047544e-008	3.153313e+000	2.505090e+000
1.143107200047544e-008	3.158057e+000	2.505200e+000
1.153107200047544e-008	3.162775e+000	2.505312e+000
1.163107200047544e-008	3.167467e+000	2.505424e+000
1.183107200047543e-008	3.176771e+000	2.505651e+000
1.203107200047543e-008	3.185969e+000	2.505881e+000
1.223107200047543e-008	3.195058e+000	2.506114e+000
1.253107200047543e-008	3.208486e+000	2.506467e+000
1.283107200047543e-008	3.221662e+000	2.506825e+000
1.305964342904685e-008	3.231534e+000	2.507102e+000
1.328821485761828e-008	3.241250e+000	2.507381e+000
1.351678628618971e-008	3.250810e+000	2.507663e+000
1.374535771476113e-008	3.260215e+000	2.507947e+000
1.397392914333256e-008	3.269463e+000	2.508235e+000
1.420250057190399e-008	3.278556e+000	2.508525e+000
1.443107200047541e-008	3.287493e+000	2.508817e+000
1.461678628618970e-008	3.294633e+000	2.509057e+000
1.480250057190399e-008	3.301663e+000	2.509298e+000
1.498821485761827e-008	3.308582e+000	2.509541e+000
1.517392914333256e-008	3.315391e+000	2.509786e+000
1.535964342904685e-008	3.322089e+000	2.510032e+000
1.554535771476113e-008	3.328677e+000	2.510280e+000
1.573107200047542e-008	3.335154e+000	2.510530e+000
1.603107200047542e-008	3.345372e+000	2.510936e+000
1.633107200047542e-008	3.355291e+000	2.511347e+000
1.663107200047543e-008	3.364905e+000	2.511762e+000
1.693107200047543e-008	3.374212e+000	2.512181e+000
1.723107200047543e-008	3.383209e+000	2.512604e+000
1.753107200047543e-008	3.391891e+000	2.513030e+000
1.783107200047544e-008	3.400257e+000	2.513460e+000
1.813107200047544e-008	3.408303e+000	2.513893e+000
1.843107200047544e-008	3.416026e+000	2.514330e+000
1.873107200047544e-008	3.423424e+000	2.514770e+000
1.893107200047545e-008	3.428175e+000	2.515065e+000
1.913107200047545e-008	3.432778e+000	2.515361e+000
1.933107200047545e-008	3.437233e+000	2.515658e+000
1.953107200047545e-008	3.441540e+000	2.515957e+000
1.973107200047545e-008	3.445698e+000	2.516257e+000
1.993107200047546e-008	3.449708e+000	2.516558e+000
2.013107200047546e-008	3.453569e+000	2.516860e+000
2.045964342904689e-008	3.459588e+000	2.517359e+000
2.078821485761832e-008	3.465193e+000	2.517860e+000
2.111678628618975e-008	3.470384e+000	2.518364e+000
2.144535771476119e-008	3.475160e+000	2.518869e+000
2.177392914333261e-008	3.479522e+000	2.519377e+000
2.210250057190405e-008	3.483469e+000	2.519886e+000
2.243107200047548e-008	3.487002e+000	2.520398e+000
2.275964342904691e-008	3.490111e+000	2.520911e+000
2.308821485761834e-008	3.492796e+000	2.521425e+000
2.341678628618977e-008	3.495057e+000	2.521940e+000
2.374535771476121e-008	3.496893e+000	2.522457e+000
2.407392914333263e-008	3.498306e+000	2.522974e+000
2.440250057190407e-008	3.499294e+000	2.523492e+000
2.473107200047550e-008	3.499857e+000	2.524011e+000
2.518821485761836e-008	3.499926e+000	2.524735e+000
2.564535771476122e-008	3.499173e+000	2.525459e+000
2.610250057190408e-008	3.497599e+000	2.526184e+000
2.655964342904694e-008	3.495204e+000	2.526910e+000
2.701678628618981e-008	3.491987e+000	2.527636e+000
2.747392914333267e-008	3.487949e+000	2.528364e+000
2.793107200047553e-008	3.483089e+000	2.529092e+000
2.868821485761839e-008	3.473182e+000	2.530299e+000
2.944535771476126e-008	3.461155e+000	2.531507e+000
3.020250057190412e-008	3.447007e+000	2.532716e+000
3.095964342904699e-008	3.430740e+000	2.533927e+000
3.171678628618985e-008	3.412354e+000	2.535138e+000
3.247392914333271e-008	3.391847e+000	2.536349e+000
3.323107200047557e-008	3.369220e+000	2.537562e+000
3.373107200047558e-008	3.353216e+000	2.538364e+000
3.423107200047558e-008	3.336414e+000	2.539165e+000
3.473107200047559e-008	3.318814e+000	2.539966e+000
3.523107200047559e-008	3.300416e+000	2.540768e+000
3.573107200047560e-008	3.281219e+000	2.541570e+000
3.623107200047560e-008	3.261224e+000	2.542373e+000
3.673107200047561e-008	3.240431e+000	2.543175e+000
3.693107200047561e-008	3.231923e+000	2.543496e+000
3.713107200047561e-008	3.223303e+000	2.543817e+000
3.733107200047561e-008	3.214571e+000	2.544138e+000
3.753107200047561e-008	3.205726e+000	2.544459e+000
3.773107200047561e-008	3.196770e+000	2.544780e+000
3.793107200047562e-008	3.187701e+000	2.545101e+000
3.813107200047562e-008	3.178520e+000	2.545422e+000
3.843107200047562e-008	3.164554e+000	2.545904e+000
3.873107200047562e-008	3.150352e+000	2.546386e+000
3.893107200047563e-008	3.140755e+000	2.546707e+000
3.923107200047563e-008	3.126170e+000	2.547188e+000
3.938821485761849e-008	3.118440e+000	2.547441e+000
3.954535771476135e-008	3.110651e+000	2.547693e+000
3.970250057190421e-008	3.102803e+000	2.547945e+000
3.985964342904706e-008	3.094898e+000	2.548198e+000
4.001678628618992e-008	3.086934e+000	2.548450e+000
4.017392914333278e-008	3.078911e+000	2.548702e+000
4.033107200047564e-008	3.070830e+000	2.548955e+000
4.053107200047564e-008	3.060463e+000	2.549276e+000
4.073107200047564e-008	3.050012e+000	2.549597e+000
4.093107200047564e-008	3.039477e+000	2.549918e+000
4.113107200047565e-008	3.028857e+000	2.550239e+000
4.133107200047565e-008	3.018153e+000	2.550560e+000
4.153107200047565e-008	3.007364e+000	2.550881e+000
4.173107200047565e-008	2.996491e+000	2.551202e+000
4.203107200047565e-008	2.980042e+000	2.551683e+000
4.233107200047566e-008	2.963422e+000	2.552164e+000
4.263107200047566e-008	2.946637e+000	2.552644e+000
4.293107200047566e-008	2.929694e+000	2.553125e+000
4.323107200047566e-008	2.912598e+000	2.553605e+000
4.353107200047567e-008	2.895355e+000	2.554085e+000
4.383107200047567e-008	2.877972e+000	2.554564e+000
4.413107200047567e-008	2.860455e+000	2.555043e+000
4.443107200047567e-008	2.842810e+000	2.555522e+000
4.473107200047568e-008	2.825042e+000	2.556000e+000
4.503107200047568e-008	2.807160e+000	2.556478e+000
4.533107200047568e-008	2.789168e+000	2.556955e+000
4.563107200047569e-008	2.771073e+000	2.557432e+000
4.583107200047569e-008	2.758956e+000	2.557749e+000
4.603107200047569e-008	2.746799e+000	2.558067e+000
4.623107200047569e-008	2.734602e+000	2.558384e+000
4.643107200047569e-008	2.722368e+000	2.558700e+000
4.663107200047569e-008	2.710099e+000	2.559016e+000
4.683107200047570e-008	2.697797e+000	2.559332e+000
4.703107200047570e-008	2.685463e+000	2.559648e+000
4.723107200047570e-008	2.673100e+000	2.559963e+000
4.743107200047570e-008	2.660711e+000	2.560277e+000
4.763107200047570e-008	2.648295e+000	2.560591e+000
4.783107200047571e-008	2.635856e+000	2.560905e+000
4.803107200047571e-008	2.623396e+000	2.561217e+000
4.833107200047571e-008	2.604670e+000	2.561685e+000
4.863107200047571e-008	2.585906e+000	2.562150e+000
4.893107200047572e-008	2.567112e+000	2.562613e+000
4.923107200047572e-008	2.548294e+000	2.563074e+000
4.953107200047572e-008	2.529459e+000	2.563532e+000
4.983107200047572e-008	2.510614e+000	2.563987e+000
5.003107200047572e-008	2.498048e+000	2.564288e+000
5.023107200047573e-008	2.485482e+000	2.564588e+000
5.043107200047573e-008	2.472918e+000	2.564885e+000
5.053107200047573e-008	2.466638e+000	2.565033e+000
5.063107200047573e-008	2.460359e+000	2.565181e+000
5.073107200047573e-008	2.454082e+000	2.565327e+000
5.083107200047573e-008	2.447806e+000	2.565474e+000
5.093107200047573e-008	2.441532e+000	2.565619e+000
5.113107200047573e-008	2.428993e+000	2.565908e+000
5.143107200047574e-008	2.410204e+000	2.566335e+000
5.153107200047574e-008	2.403948e+000	2.566475e+000
5.163107200047574e-008	2.397696e+000	2.566615e+000
5.173107200047574e-008	2.391448e+000	2.566753e+000
5.193107200047574e-008	2.378965e+000	2.567027e+000
5.223107200047574e-008	2.360276e+000	2.567427e+000
5.253107200047575e-008	2.341638e+000	2.567816e+000
5.283107200047575e-008	2.323055e+000	2.568192e+000
5.313107200047575e-008	2.304535e+000	2.568554e+000
5.343107200047576e-008	2.286085e+000	2.568902e+000
5.373107200047576e-008	2.267711e+000	2.569233e+000
5.393107200047576e-008	2.255507e+000	2.569446e+000
5.413107200047576e-008	2.243342e+000	2.569650e+000
5.433107200047576e-008	2.231217e+000	2.569847e+000
5.453107200047577e-008	2.219135e+000	2.570037e+000
5.473107200047577e-008	2.207097e+000	2.570218e+000
5.493107200047577e-008	2.195105e+000	2.570391e+000
5.513107200047577e-008	2.183161e+000	2.570557e+000
5.543107200047577e-008	2.165340e+000	2.570789e+000
5.563107200047578e-008	2.153525e+000	2.570933e+000
5.593107200047578e-008	2.135906e+000	2.571133e+000
5.623107200047578e-008	2.118416e+000	2.571313e+000
5.653107200047578e-008	2.101061e+000	2.571475e+000
5.675964342904721e-008	2.087927e+000	2.571585e+000
5.698821485761865e-008	2.074884e+000	2.571683e+000
5.721678628619007e-008	2.061933e+000	2.571771e+000
5.744535771476151e-008	2.049074e+000	2.571847e+000
5.767392914333294e-008	2.036306e+000	2.571912e+000
5.790250057190437e-008	2.023630e+000	2.571966e+000
5.813107200047580e-008	2.011046e+000	2.572009e+000
5.847392914333294e-008	1.992348e+000	2.572053e+000
5.881678628619007e-008	1.973907e+000	2.572072e+000
5.915964342904721e-008	1.955723e+000	2.572067e+000
5.950250057190434e-008	1.937795e+000	2.572037e+000
5.984535771476148e-008	1.920124e+000	2.571983e+000
6.018821485761861e-008	1.902709e+000	2.571905e+000
6.053107200047575e-008	1.885551e+000	2.571802e+000
6.110250057190429e-008	1.857544e+000	2.571576e+000
6.167392914333283e-008	1.830449e+000	2.571286e+000
6.224535771476137e-008	1.804265e+000	2.570933e+000
6.281678628618991e-008	1.778993e+000	2.570515e+000
6.338821485761844e-008	1.754634e+000	2.570034e+000
6.395964342904699e-008	1.731186e+000	2.569489e+000
6.453107200047552e-008	1.708650e+000	2.568880e+000
6.473107200047551e-008	1.701030e+000	2.568653e+000
6.483107200047551e-008	1.697267e+000	2.568537e+000
6.493107200047550e-008	1.693536e+000	2.568419e+000
6.503107200047550e-008	1.689837e+000	2.568300e+000
6.513107200047549e-008	1.686170e+000	2.568178e+000
6.523107200047548e-008	1.682535e+000	2.568055e+000
6.533107200047548e-008	1.678932e+000	2.567930e+000
6.543107200047547e-008	1.675362e+000	2.567802e+000
6.553107200047547e-008	1.671824e+000	2.567673e+000
6.573107200047546e-008	1.664846e+000	2.567410e+000
6.593107200047544e-008	1.658001e+000	2.567140e+000
6.613107200047543e-008	1.651288e+000	2.566862e+000
6.633107200047542e-008	1.644709e+000	2.566578e+000
6.653107200047541e-008	1.638266e+000	2.566288e+000
6.673107200047540e-008	1.631958e+000	2.565992e+000
6.693107200047539e-008	1.625788e+000	2.565691e+000
6.703107200047538e-008	1.622754e+000	2.565539e+000
6.713107200047538e-008	1.619756e+000	2.565385e+000
6.723107200047537e-008	1.616791e+000	2.565230e+000
6.733107200047536e-008	1.613862e+000	2.565074e+000
6.743107200047536e-008	1.610968e+000	2.564917e+000
6.753107200047535e-008	1.608109e+000	2.564759e+000
6.763107200047535e-008	1.605285e+000	2.564599e+000
6.773107200047534e-008	1.602496e+000	2.564439e+000
6.783107200047534e-008	1.599743e+000	2.564277e+000
6.793107200047533e-008	1.597025e+000	2.564115e+000
6.803107200047532e-008	1.594343e+000	2.563951e+000
6.823107200047531e-008	1.589087e+000	2.563622e+000
6.843107200047530e-008	1.583974e+000	2.563288e+000
6.853107200047529e-008	1.581472e+000	2.563120e+000
6.863107200047529e-008	1.579006e+000	2.562951e+000
6.873107200047528e-008	1.576576e+000	2.562782e+000
6.883107200047528e-008	1.574183e+000	2.562611e+000
6.893107200047527e-008	1.571827e+000	2.562439e+000
6.903107200047527e-008	1.569507e+000	2.562267e+000
6.913107200047526e-008	1.567223e+000	2.562094e+000
6.923107200047525e-008	1.564977e+000	2.561920e+000
6.933107200047525e-008	1.562768e+000	2.561746e+000
6.943107200047524e-008	1.560595e+000	2.561571e+000
6.953107200047524e-008	1.558460e+000	2.561395e+000
6.963107200047523e-008	1.556361e+000	2.561218e+000
6.973107200047523e-008	1.554301e+000	2.561041e+000
6.983107200047522e-008	1.552277e+000	2.560863e+000
6.993107200047521e-008	1.550291e+000	2.560684e+000
7.003107200047521e-008	1.548342e+000	2.560505e+000
7.013107200047520e-008	1.546431e+000	2.560325e+000
7.023107200047520e-008	1.544557e+000	2.560145e+000
7.033107200047519e-008	1.542722e+000	2.559964e+000
7.043107200047519e-008	1.540924e+000	2.559783e+000
7.053107200047518e-008	1.539163e+000	2.559601e+000
7.063107200047517e-008	1.537441e+000	2.559418e+000
7.073107200047517e-008	1.535757e+000	2.559236e+000
7.083107200047516e-008	1.534111e+000	2.559052e+000
7.093107200047516e-008	1.532503e+000	2.558868e+000
7.103107200047515e-008	1.530933e+000	2.558684e+000
7.113107200047515e-008	1.529402e+000	2.558499e+000
7.133107200047513e-008	1.526453e+000	2.558128e+000
7.163107200047512e-008	1.522320e+000	2.557567e+000
7.193107200047510e-008	1.518533e+000	2.557003e+000
7.218821485761794e-008	1.515564e+000	2.556515e+000
7.244535771476078e-008	1.512853e+000	2.556024e+000
7.270250057190362e-008	1.510401e+000	2.555529e+000
7.295964342904648e-008	1.508207e+000	2.555032e+000
7.321678628618932e-008	1.506272e+000	2.554531e+000
7.347392914333216e-008	1.504595e+000	2.554027e+000
7.373107200047500e-008	1.503177e+000	2.553519e+000
7.403107200047498e-008	1.501853e+000	2.552923e+000
7.433107200047496e-008	1.500883e+000	2.552322e+000
7.453107200047495e-008	1.500434e+000	2.551919e+000
7.473107200047494e-008	1.500143e+000	2.551514e+000
7.493107200047493e-008	1.500009e+000	2.551107e+000
7.513107200047492e-008	1.500034e+000	2.550699e+000
7.533107200047491e-008	1.500216e+000	2.550288e+000
7.553107200047489e-008	1.500557e+000	2.549876e+000
7.573107200047488e-008	1.501055e+000	2.549462e+000
7.593107200047487e-008	1.501711e+000	2.549047e+000
7.613107200047486e-008	1.502524e+000	2.548630e+000
7.633107200047485e-008	1.503495e+000	2.548211e+000
7.653107200047484e-008	1.504624e+000	2.547791e+000
7.673107200047483e-008	1.505909e+000	2.547369e+000
7.703107200047481e-008	1.508132e+000	2.546734e+000
7.733107200047479e-008	1.510707e+000	2.546096e+000
7.763107200047477e-008	1.513633e+000	2.545456e+000
7.784535771476047e-008	1.515940e+000	2.544996e+000
7.805964342904618e-008	1.518423e+000	2.544536e+000
7.827392914333188e-008	1.521084e+000	2.544074e+000
7.848821485761758e-008	1.523922e+000	2.543612e+000
7.870250057190328e-008	1.526936e+000	2.543148e+000
7.891678628618899e-008	1.530128e+000	2.542684e+000
7.913107200047469e-008	1.533498e+000	2.542218e+000
7.934535771476039e-008	1.537043e+000	2.541752e+000
7.955964342904610e-008	1.540760e+000	2.541285e+000
7.977392914333180e-008	1.544651e+000	2.540817e+000
7.998821485761749e-008	1.548714e+000	2.540349e+000
8.020250057190319e-008	1.552950e+000	2.539881e+000
8.041678628618890e-008	1.557359e+000	2.539412e+000
8.063107200047460e-008	1.561941e+000	2.538942e+000
8.093107200047459e-008	1.568645e+000	2.538284e+000
8.123107200047457e-008	1.575673e+000	2.537627e+000
8.153107200047455e-008	1.583025e+000	2.536969e+000
8.183107200047453e-008	1.590702e+000	2.536311e+000
8.213107200047452e-008	1.598703e+000	2.535654e+000
8.243107200047450e-008	1.607029e+000	2.534996e+000
8.273107200047448e-008	1.615679e+000	2.534339e+000
8.311678628618875e-008	1.627271e+000	2.533495e+000
8.350250057190300e-008	1.639357e+000	2.532652e+000
8.388821485761727e-008	1.651937e+000	2.531811e+000
8.427392914333154e-008	1.665012e+000	2.530972e+000
8.465964342904581e-008	1.678580e+000	2.530135e+000
8.504535771476006e-008	1.692642e+000	2.529300e+000
8.543107200047433e-008	1.707198e+000	2.528467e+000
8.571678628618860e-008	1.718276e+000	2.527851e+000
8.600250057190286e-008	1.729596e+000	2.527238e+000
8.628821485761713e-008	1.741159e+000	2.526625e+000
8.657392914333141e-008	1.752965e+000	2.526015e+000
8.685964342904568e-008	1.765013e+000	2.525406e+000
8.714535771475994e-008	1.777304e+000	2.524798e+000
8.743107200047421e-008	1.789837e+000	2.524192e+000
8.754535771475992e-008	1.794912e+000	2.523951e+000
8.765964342904563e-008	1.800022e+000	2.523709e+000
8.777392914333134e-008	1.805168e+000	2.523468e+000
8.788821485761704e-008	1.810350e+000	2.523227e+000
8.800250057190275e-008	1.815567e+000	2.522986e+000
8.811678628618846e-008	1.820820e+000	2.522746e+000
8.823107200047417e-008	1.826108e+000	2.522506e+000
8.843107200047416e-008	1.835446e+000	2.522087e+000
8.853107200047415e-008	1.840154e+000	2.521878e+000
8.863107200047414e-008	1.844888e+000	2.521669e+000
8.873107200047414e-008	1.849648e+000	2.521461e+000
8.883107200047413e-008	1.854434e+000	2.521252e+000
8.893107200047413e-008	1.859245e+000	2.521044e+000
8.913107200047412e-008	1.868943e+000	2.520629e+000
8.943107200047410e-008	1.883677e+000	2.520008e+000
8.973107200047408e-008	1.898629e+000	2.519389e+000
9.003107200047406e-008	1.913795e+000	2.518773e+000
9.033107200047405e-008	1.929170e+000	2.518160e+000
9.063107200047403e-008	1.944747e+000	2.517549e+000
9.093107200047401e-008	1.960522e+000	2.516942e+000
9.123107200047400e-008	1.976488e+000	2.516337e+000
9.153107200047398e-008	1.992640e+000	2.515735e+000
9.183107200047396e-008	2.008972e+000	2.515136e+000
9.213107200047394e-008	2.025479e+000	2.514541e+000
9.243107200047393e-008	2.042155e+000	2.513949e+000
9.273107200047391e-008	2.058993e+000	2.513361e+000
9.303107200047389e-008	2.075988e+000	2.512777e+000
9.333107200047388e-008	2.093133e+000	2.512196e+000
9.363107200047386e-008	2.110424e+000	2.511619e+000
9.393107200047384e-008	2.127852e+000	2.511047e+000
9.423107200047382e-008	2.145413e+000	2.510479e+000
9.453107200047381e-008	2.163100e+000	2.509915e+000
9.483107200047379e-008	2.180906e+000	2.509356e+000
9.513107200047377e-008	2.198826e+000	2.508802e+000
9.543107200047376e-008	2.216853e+000	2.508253e+000
9.573107200047374e-008	2.234980e+000	2.507709e+000
9.603107200047372e-008	2.253201e+000	2.507171e+000
9.633107200047370e-008	2.271511e+000	2.506638e+000
9.663107200047369e-008	2.289901e+000	2.506110e+000
9.694535771475938e-008	2.309266e+000	2.505563e+000
9.725964342904509e-008	2.328687e+000	2.505023e+000
9.757392914333078e-008	2.348163e+000	2.504491e+000
9.788821485761647e-008	2.367694e+000	2.503966e+000
9.820250057190216e-008	2.387281e+000	2.503447e+000
9.851678628618787e-008	2.406923e+000	2.502936e+000
9.883107200047356e-008	2.426620e+000	2.502433e+000
9.897392914333070e-008	2.435576e+000	2.502206e+000
9.911678628618783e-008	2.444536e+000	2.501982e+000
9.925964342904497e-008	2.453499e+000	2.501759e+000
9.940250057190209e-008	2.462466e+000	2.501538e+000
9.954535771475923e-008	2.471436e+000	2.501319e+000
9.968821485761637e-008	2.480409e+000	2.501101e+000
9.983107200047350e-008	2.489386e+000	2.500885e+000
9.993107200047350e-008	2.495669e+000	2.500735e+000
1.000310720004735e-007	2.500000e+000	2.500586e+000
1.001310720004735e-007	2.500000e+000	2.500436e+000
1.002310720004735e-007	2.500000e+000	2.500287e+000
1.003310720004735e-007	2.500000e+000	2.500139e+000
1.004310720004735e-007	2.500000e+000	2.499992e+000
1.005310720004735e-007	2.500000e+000	2.499846e+000
1.006310720004735e-007	2.500000e+000	2.499700e+000
1.008310720004735e-007	2.500000e+000	2.499411e+000
1.011310720004734e-007	2.500000e+000	2.498982e+000
1.013739291433306e-007	2.500000e+000	2.498639e+000
1.016167862861877e-007	2.500000e+000	2.498300e+000
1.018596434290448e-007	2.500000e+000	2.497963e+000
1.021025005719019e-007	2.500000e+000	2.497629e+000
1.023453577147591e-007	2.500000e+000	2.497298e+000
1.025882148576162e-007	2.500000e+000	2.496970e+000
1.028310720004733e-007	2.500000e+000	2.496645e+000
1.031739291433305e-007	2.500000e+000	2.496190e+000
1.035167862861876e-007	2.500000e+000	2.495739e+000
1.038596434290447e-007	2.500000e+000	2.495292e+000
1.042025005719018e-007	2.500000e+000	2.494848e+000
1.045453577147589e-007	2.500000e+000	2.494409e+000
1.048882148576161e-007	2.500000e+000	2.493973e+000
1.052310720004732e-007	2.500000e+000	2.493541e+000
1.057596434290446e-007	2.500000e+000	2.492881e+000
1.062882148576160e-007	2.500000e+000	2.492227e+000
1.068167862861874e-007	2.500000e+000	2.491579e+000
1.073453577147588e-007	2.500000e+000	2.490938e+000
1.078739291433302e-007	2.500000e+000	2.490303e+000
1.084025005719016e-007	2.500000e+000	2.489674e+000
1.089310720004730e-007	2.500000e+000	2.489052e+000
1.097596434290444e-007	2.500000e+000	2.488086e+000
1.105882148576157e-007	2.500000e+000	2.487134e+000
1.114167862861871e-007	2.500000e+000	2.486195e+000
1.122453577147585e-007	2.500000e+000	2.485270e+000
1.130739291433299e-007	2.500000e+000	2.484358e+000
1.139025005719013e-007	2.500000e+000	2.483459e+000
1.147310720004727e-007	2.500000e+000	2.482574e+000
1.161167862861870e-007	2.500000e+000	2.481122e+000
1.175025005719013e-007	2.500000e+000	2.479717e+000
1.188882148576156e-007	2.500000e+000	2.478359e+000
1.202739291433299e-007	2.500000e+000	2.477048e+000
1.216596434290442e-007	2.500000e+000	2.475783e+000
1.230453577147585e-007	2.500000e+000	2.474565e+000
1.244310720004728e-007	2.500000e+000	2.473393e+000
1.268025005719016e-007	2.500000e+000	2.471506e+000
1.291739291433303e-007	2.500000e+000	2.469792e+000
1.315453577147590e-007	2.500000e+000	2.468248e+000
1.339167862861878e-007	2.500000e+000	2.466877e+000
1.362882148576165e-007	2.500000e+000	2.465677e+000
1.386596434290453e-007	2.500000e+000	2.464649e+000
1.410310720004740e-007	2.500000e+000	2.463793e+000
1.423596434290456e-007	2.500000e+000	2.463397e+000
1.436882148576171e-007	2.500000e+000	2.463059e+000
1.450167862861886e-007	2.500000e+000	2.462777e+000
1.463453577147602e-007	2.500000e+000	2.462552e+000
1.476739291433317e-007	2.500000e+000	2.462383e+000
1.490025005719032e-007	2.500000e+000	2.462271e+000
1.503310720004747e-007	2.500000e+000	2.462215e+000
1.510167862861891e-007	2.500000e+000	2.462209e+000
1.517025005719034e-007	2.500000e+000	2.462216e+000
1.523882148576178e-007	2.500000e+000	2.462238e+000
1.530739291433321e-007	2.500000e+000	2.462275e+000
1.537596434290464e-007	2.500000e+000	2.462326e+000
1.544453577147608e-007	2.500000e+000	2.462391e+000
1.551310720004751e-007	2.500000e+000	2.462471e+000
1.572596434290467e-007	2.500000e+000	2.462821e+000
1.593882148576183e-007	2.500000e+000	2.463291e+000
1.615167862861899e-007	2.500000e+000	2.463883e+000
1.636453577147615e-007	2.500000e+000	2.464596e+000
1.657739291433330e-007	2.500000e+000	2.465430e+000
1.679025005719046e-007	2.500000e+000	2.466385e+000
1.700310720004762e-007	2.500000e+000	2.467461e+000
1.738310720004765e-007	2.500000e+000	2.469708e+000
1.776310720004768e-007	2.500000e+000	2.472146e+000
1.814310720004771e-007	2.500000e+000	2.474773e+000
1.852310720004774e-007	2.500000e+000	2.477591e+000
1.890310720004776e-007	2.500000e+000	2.480599e+000
1.928310720004779e-007	2.500000e+000	2.483796e+000
1.966310720004782e-007	2.500000e+000	2.487184e+000
1.975310720004783e-007	2.500000e+000	2.487973e+000
1.984310720004783e-007	2.500000e+000	2.488762e+000
1.993310720004784e-007	2.500000e+000	2.489553e+000
2.002310720004785e-007	2.500000e+000	2.490344e+000
2.011310720004786e-007	2.500000e+000	2.491136e+000
2.020310720004786e-007	2.500000e+000	2.491930e+000
2.029310720004787e-007	2.500000e+000	2.492724e+000
2.030310720004787e-007	2.500000e+000	2.492812e+000
2.068739291433361e-007	2.500000e+000	2.496263e+000
2.107167862861935e-007	2.500000e+000	2.499578e+000
2.145596434290510e-007	2.500000e+000	2.502758e+000
2.184025005719084e-007	2.500000e+000	2.505802e+000
2.222453577147659e-007	2.500000e+000	2.508711e+000
2.260882148576233e-007	2.500000e+000	2.511485e+000
2.299310720004807e-007	2.500000e+000	2.514123e+000
2.326882148576238e-007	2.500000e+000	2.515835e+000
2.354453577147669e-007	2.500000e+000	2.517406e+000
2.382025005719099e-007	2.500000e+000	2.518838e+000
2.409596434290530e-007	2.500000e+000	2.520129e+000
2.437167862861960e-007	2.500000e+000	2.521281e+000
2.464739291433391e-007	2.500000e+000	2.522292e+000
2.492310720004822e-007	2.500000e+000	2.523163e+000
2.509596434290537e-007	2.500000e+000	2.523625e+000
2.526882148576253e-007	2.500000e+000	2.524026e+000
2.544167862861968e-007	2.500000e+000	2.524368e+000
2.561453577147684e-007	2.500000e+000	2.524650e+000
2.578739291433400e-007	2.500000e+000	2.524871e+000
2.596025005719115e-007	2.500000e+000	2.525032e+000
2.613310720004831e-007	2.500000e+000	2.525134e+000
2.622310720004831e-007	2.500000e+000	2.525163e+000
2.631310720004832e-007	2.500000e+000	2.525177e+000
2.640310720004833e-007	2.500000e+000	2.525175e+000
2.649310720004833e-007	2.500000e+000	2.525157e+000
2.658310720004834e-007	2.500000e+000	2.525124e+000
2.667310720004835e-007	2.500000e+000	2.525075e+000
2.676310720004835e-007	2.500000e+000	2.525011e+000
2.699310720004837e-007	2.500000e+000	2.524770e+000
2.722310720004839e-007	2.500000e+000	2.524441e+000
2.745310720004841e-007	2.500000e+000	2.524024e+000
2.768310720004842e-007	2.500000e+000	2.523519e+000
2.791310720004844e-007	2.500000e+000	2.522926e+000
2.814310720004846e-007	2.500000e+000	2.522245e+000
2.837310720004848e-007	2.500000e+000	2.521477e+000
2.868167862861993e-007	2.500000e+000	2.520312e+000
2.899025005719138e-007	2.500000e+000	2.519055e+000
2.929882148576283e-007	2.500000e+000	2.517707e+000
2.960739291433428e-007	2.500000e+000	2.516268e+000
2.991596434290574e-007	2.500000e+000	2.514736e+000
3.022453577147719e-007	2.500000e+000	2.513114e+000
3.053310720004864e-007	2.500000e+000	2.511399e+000
3.054310720004864e-007	2.500000e+000	2.511344e+000
3.101167862862010e-007	2.500000e+000	2.508595e+000
3.148025005719156e-007	2.500000e+000	2.505893e+000
3.194882148576303e-007	2.500000e+000	2.503239e+000
3.241739291433450e-007	2.500000e+000	2.500631e+000
3.288596434290596e-007	2.500000e+000	2.498071e+000
3.335453577147742e-007	2.500000e+000	2.495557e+000
3.382310720004889e-007	2.500000e+000	2.493091e+000
3.413025005719176e-007	2.500000e+000	2.491620e+000
3.443739291433465e-007	2.500000e+000	2.490253e+000
3.474453577147753e-007	2.500000e+000	2.488989e+000
3.505167862862041e-007	2.500000e+000	2.487829e+000
3.535882148576328e-007	2.500000e+000	2.486773e+000
3.566596434290617e-007	2.500000e+000	2.485819e+000
3.597310720004905e-007	2.500000e+000	2.484970e+000
3.618025005719192e-007	2.500000e+000	2.484473e+000
3.638739291433479e-007	2.500000e+000	2.484034e+000
3.659453577147767e-007	2.500000e+000	2.483651e+000
3.680167862862054e-007	2.500000e+000	2.483325e+000
3.700882148576341e-007	2.500000e+000	2.483055e+000
3.721596434290628e-007	2.500000e+000	2.482843e+000
3.742310720004916e-007	2.500000e+000	2.482687e+000
3.751739291433488e-007	2.500000e+000	2.482635e+000
3.761167862862060e-007	2.500000e+000	2.482595e+000
3.770596434290632e-007	2.500000e+000	2.482567e+000
3.780025005719204e-007	2.500000e+000	2.482549e+000
3.789453577147776e-007	2.500000e+000	2.482544e+000
3.798882148576348e-007	2.500000e+000	2.482550e+000
3.808310720004921e-007	2.500000e+000	2.482567e+000
3.827453577147779e-007	2.500000e+000	2.482640e+000
3.846596434290638e-007	2.500000e+000	2.482755e+000
3.865739291433496e-007	2.500000e+000	2.482914e+000
3.884882148576355e-007	2.500000e+000	2.483115e+000
3.904025005719213e-007	2.500000e+000	2.483360e+000
3.923167862862072e-007	2.500000e+000	2.483647e+000
3.942310720004931e-007	2.500000e+000	2.483978e+000
3.961596434290646e-007	2.500000e+000	2.484351e+000
3.980882148576362e-007	2.500000e+000	2.484757e+000
4.000167862862078e-007	2.500000e+000	2.485196e+000
4.019453577147794e-007	2.500000e+000	2.485668e+000
4.038739291433509e-007	2.500000e+000	2.486173e+000
4.058025005719225e-007	2.500000e+000	2.486711e+000
4.077310720004941e-007	2.500000e+000	2.487282e+000
4.078310720004941e-007	2.500000e+000	2.487312e+000
4.130453577147802e-007	2.500000e+000	2.489077e+000
4.182596434290663e-007	2.500000e+000	2.490891e+000
4.234739291433524e-007	2.500000e+000	2.492756e+000
4.286882148576385e-007	2.500000e+000	2.494671e+000
4.339025005719246e-007	2.500000e+000	2.496636e+000
4.391167862862107e-007	2.500000e+000	2.498651e+000
4.443310720004968e-007	2.500000e+000	2.500717e+000
4.479025005719256e-007	2.500000e+000	2.502038e+000
4.514739291433545e-007	2.500000e+000	2.503287e+000
4.550453577147833e-007	2.500000e+000	2.504463e+000
4.586167862862122e-007	2.500000e+000	2.505568e+000
4.621882148576410e-007	2.500000e+000	2.506600e+000
4.657596434290699e-007	2.500000e+000	2.507560e+000
4.693310720004987e-007	2.500000e+000	2.508447e+000
4.719310720004989e-007	2.500000e+000	2.509022e+000
4.745310720004991e-007	2.500000e+000	2.509540e+000
4.771310720004992e-007	2.500000e+000	2.510004e+000
4.797310720004994e-007	2.500000e+000	2.510411e+000
4.823310720004996e-007	2.500000e+000	2.510763e+000
4.849310720004998e-007	2.500000e+000	2.511060e+000
4.875310720005000e-007	2.500000e+000	2.511300e+000
4.889453577147858e-007	2.500000e+000	2.511406e+000
4.903596434290717e-007	2.500000e+000	2.511495e+000
4.917739291433574e-007	2.500000e+000	2.511567e+000
4.931882148576433e-007	2.500000e+000	2.511622e+000
4.946025005719291e-007	2.500000e+000	2.511661e+000
4.960167862862150e-007	2.500000e+000	2.511683e+000
4.974310720005008e-007	2.500000e+000	2.511688e+000
4.991310720005009e-007	2.500000e+000	2.511671e+000
5.008310720005010e-007	2.500000e+000	2.511633e+000
5.025310720005011e-007	2.500000e+000	2.511572e+000
5.042310720005013e-007	2.500000e+000	2.511488e+000
5.059310720005014e-007	2.500000e+000	2.511383e+000
5.076310720005015e-007	2.500000e+000	2.511255e+000
5.093310720005017e-007	2.500000e+000	2.511105e+000
5.102310720005017e-007	2.500000e+000	2.511018e+000
5.139310720005020e-007	2.500000e+000	2.510581e+000
5.176310720005023e-007	2.500000e+000	2.510073e+000
5.213310720005026e-007	2.500000e+000	2.509495e+000
5.250310720005028e-007	2.500000e+000	2.508846e+000
5.287310720005031e-007	2.500000e+000	2.508126e+000
5.324310720005034e-007	2.500000e+000	2.507335e+000
5.361310720005037e-007	2.500000e+000	2.506474e+000
5.414310720005041e-007	2.500000e+000	2.505136e+000
5.467310720005045e-007	2.500000e+000	2.503806e+000
5.520310720005049e-007	2.500000e+000	2.502485e+000
5.573310720005053e-007	2.500000e+000	2.501171e+000
5.626310720005057e-007	2.500000e+000	2.499866e+000
5.679310720005061e-007	2.500000e+000	2.498568e+000
5.732310720005065e-007	2.500000e+000	2.497279e+000
5.765739291433638e-007	2.500000e+000	2.496540e+000
5.799167862862213e-007	2.500000e+000	2.495852e+000
5.832596434290787e-007	2.500000e+000	2.495213e+000
5.866025005719360e-007	2.500000e+000	2.494624e+000
5.899453577147935e-007	2.500000e+000	2.494085e+000
5.932882148576508e-007	2.500000e+000	2.493595e+000
5.966310720005082e-007	2.500000e+000	2.493155e+000
5.989025005719369e-007	2.500000e+000	2.492895e+000
6.011739291433657e-007	2.500000e+000	2.492664e+000
6.034453577147944e-007	2.500000e+000	2.492460e+000
6.057167862862232e-007	2.500000e+000	2.492286e+000
6.079882148576520e-007	2.500000e+000	2.492140e+000
6.102596434290807e-007	2.500000e+000	2.492023e+000
6.125310720005094e-007	2.500000e+000	2.491934e+000
6.126310720005094e-007	2.500000e+000	2.491930e+000
6.144310720005095e-007	2.500000e+000	2.491882e+000
6.162310720005097e-007	2.500000e+000	2.491851e+000
6.180310720005098e-007	2.500000e+000	2.491838e+000
6.198310720005100e-007	2.500000e+000	2.491842e+000
6.216310720005101e-007	2.500000e+000	2.491863e+000
6.234310720005102e-007	2.500000e+000	2.491902e+000
6.252310720005104e-007	2.500000e+000	2.491958e+000
6.281025005719391e-007	2.500000e+000	2.492085e+000
6.309739291433679e-007	2.500000e+000	2.492248e+000
6.338453577147967e-007	2.500000e+000	2.492447e+000
6.367167862862256e-007	2.500000e+000	2.492681e+000
6.395882148576543e-007	2.500000e+000	2.492951e+000
6.424596434290831e-007	2.500000e+000	2.493256e+000
6.453310720005119e-007	2.500000e+000	2.493598e+000
6.519882148576553e-007	2.500000e+000	2.494564e+000
6.586453577147985e-007	2.500000e+000	2.495563e+000
6.653025005719419e-007	2.500000e+000	2.496595e+000
6.719596434290853e-007	2.500000e+000	2.497660e+000
6.786167862862287e-007	2.500000e+000	2.498757e+000
6.852739291433720e-007	2.500000e+000	2.499887e+000
6.919310720005154e-007	2.500000e+000	2.501050e+000
6.952167862862299e-007	2.500000e+000	2.501562e+000
6.985025005719444e-007	2.500000e+000	2.502046e+000
7.017882148576590e-007	2.500000e+000	2.502502e+000
7.050739291433735e-007	2.500000e+000	2.502929e+000
7.083596434290880e-007	2.500000e+000	2.503328e+000
7.116453577148026e-007	2.500000e+000	2.503698e+000
7.149310720005171e-007	2.500000e+000	2.504040e+000
7.150310720005171e-007	2.500000e+000	2.504050e+000
7.177310720005173e-007	2.500000e+000	2.504300e+000
7.204310720005175e-007	2.500000e+000	2.504525e+000
7.231310720005177e-007	2.500000e+000	2.504723e+000
7.258310720005179e-007	2.500000e+000	2.504897e+000
7.285310720005181e-007	2.500000e+000	2.505044e+000
7.312310720005183e-007	2.500000e+000	2.505166e+000
7.339310720005185e-007	2.500000e+000	2.505262e+000
7.354453577148043e-007	2.500000e+000	2.505304e+000
7.369596434290902e-007	2.500000e+000	2.505338e+000
7.384739291433760e-007	2.500000e+000	2.505363e+000
7.399882148576619e-007	2.500000e+000	2.505381e+000
7.415025005719477e-007	2.500000e+000	2.505390e+000
7.430167862862335e-007	2.500000e+000	2.505391e+000
7.445310720005193e-007	2.500000e+000	2.505384e+000
7.469025005719481e-007	2.500000e+000	2.505357e+000
7.492739291433768e-007	2.500000e+000	2.505312e+000
7.516453577148055e-007	2.500000e+000	2.505249e+000
7.540167862862344e-007	2.500000e+000	2.505168e+000
7.563882148576631e-007	2.500000e+000	2.505070e+000
7.587596434290918e-007	2.500000e+000	2.504955e+000
7.611310720005206e-007	2.500000e+000	2.504821e+000
7.661310720005209e-007	2.500000e+000	2.504472e+000
7.711310720005213e-007	2.500000e+000	2.504084e+000
7.761310720005217e-007	2.500000e+000	2.503655e+000
7.811310720005221e-007	2.500000e+000	2.503187e+000
7.861310720005224e-007	2.500000e+000	2.502679e+000
7.911310720005228e-007	2.500000e+000	2.502131e+000
7.961310720005232e-007	2.500000e+000	2.501544e+000
7.991596434290949e-007	2.500000e+000	2.501192e+000
8.021882148576665e-007	2.500000e+000	2.500844e+000
8.052167862862382e-007	2.500000e+000	2.500501e+000
8.082453577148098e-007	2.500000e+000	2.500161e+000
8.112739291433815e-007	2.500000e+000	2.499825e+000
8.143025005719531e-007	2.500000e+000	2.499493e+000
8.173310720005248e-007	2.500000e+000	2.499166e+000
8.174310720005248e-007	2.500000e+000	2.499155e+000
8.211453577148107e-007	2.500000e+000	2.498767e+000
8.248596434290968e-007	2.500000e+000	2.498404e+000
8.285739291433828e-007	2.500000e+000	2.498065e+000
8.322882148576688e-007	2.500000e+000	2.497750e+000
8.360025005719548e-007	2.500000e+000	2.497459e+000
8.397167862862408e-007	2.500000e+000	2.497192e+000
8.434310720005268e-007	2.500000e+000	2.496950e+000
8.461167862862413e-007	2.500000e+000	2.496796e+000
8.488025005719557e-007	2.500000e+000	2.496660e+000
8.514882148576702e-007	2.500000e+000	2.496541e+000
8.541739291433847e-007	2.500000e+000	2.496438e+000
8.568596434290992e-007	2.500000e+000	2.496352e+000
8.595453577148136e-007	2.500000e+000	2.496283e+000
8.622310720005282e-007	2.500000e+000	2.496231e+000
8.644025005719569e-007	2.500000e+000	2.496202e+000
8.665739291433856e-007	2.500000e+000	2.496184e+000
8.687453577148143e-007	2.500000e+000	2.496177e+000
8.709167862862431e-007	2.500000e+000	2.496180e+000
8.730882148576719e-007	2.500000e+000	2.496194e+000
8.752596434291006e-007	2.500000e+000	2.496219e+000
8.774310720005293e-007	2.500000e+000	2.496255e+000
8.807739291433867e-007	2.500000e+000	2.496332e+000
8.841167862862441e-007	2.500000e+000	2.496429e+000
8.874596434291015e-007	2.500000e+000	2.496545e+000
8.908025005719589e-007	2.500000e+000	2.496681e+000
8.941453577148163e-007	2.500000e+000	2.496836e+000
8.974882148576737e-007	2.500000e+000	2.497011e+000
9.008310720005311e-007	2.500000e+000	2.497205e+000
9.035310720005313e-007	2.500000e+000	2.497373e+000
9.062310720005315e-007	2.500000e+000	2.497546e+000
9.089310720005317e-007	2.500000e+000	2.497725e+000
9.116310720005319e-007	2.500000e+000	2.497911e+000
9.143310720005321e-007	2.500000e+000	2.498103e+000
9.170310720005323e-007	2.500000e+000	2.498301e+000
9.197310720005325e-007	2.500000e+000	2.498505e+000
9.198310720005325e-007	2.500000e+000	2.498512e+000
9.247882148576758e-007	2.500000e+000	2.498902e+000
9.297453577148189e-007	2.500000e+000	2.499282e+000
9.347025005719622e-007	2.500000e+000	2.499653e+000
9.396596434291054e-007	2.500000e+000	2.500013e+000
9.446167862862487e-007	2.500000e+000	2.500364e+000
9.495739291433918e-007	2.500000e+000	2.500705e+000
9.545310720005351e-007	2.500000e+000	2.501036e+000
9.580310720005354e-007	2.500000e+000	2.501248e+000
9.615310720005356e-007	2.500000e+000	2.501443e+000
9.650310720005359e-007	2.500000e+000	2.501622e+000
9.685310720005362e-007	2.500000e+000	2.501785e+000
9.720310720005364e-007	2.500000e+000	2.501930e+000
9.755310720005367e-007	2.500000e+000	2.502060e+000
9.790310720005369e-007	2.500000e+000	2.502172e+000
9.815025005719658e-007	2.500000e+000	2.502240e+000
9.839739291433944e-007	2.500000e+000	2.502297e+000
9.864453577148233e-007	2.500000e+000	2.502345e+000
9.889167862862519e-007	2.500000e+000	2.502384e+000
9.913882148576808e-007	2.500000e+000	2.502414e+000
9.938596434291094e-007	2.500000e+000	2.502434e+000
9.963310720005382e-007	2.500000e+000	2.502444e+000
9.986167862862526e-007	2.500000e+000	2.502445e+000
1.000902500571967e-006	2.500000e+000	2.502439e+000
1.003188214857682e-006	2.500000e+000	2.502425e+000
1.005473929143396e-006	2.500000e+000	2.502403e+000
1.007759643429110e-006	2.500000e+000	2.502375e+000
1.010045357714825e-006	2.500000e+000	2.502339e+000
1.012331072000539e-006	2.500000e+000	2.502295e+000
1.013731072000540e-006	2.500000e+000	2.502265e+000
1.015131072000540e-006	2.500000e+000	2.502233e+000
1.016531072000540e-006	2.500000e+000	2.502199e+000
1.017931072000540e-006	2.500000e+000	2.502162e+000
1.019331072000540e-006	2.500000e+000	2.502123e+000
1.020731072000540e-006	2.500000e+000	2.502081e+000
1.022131072000540e-006	2.500000e+000	2.502038e+000
1.022231072000540e-006	2.500000e+000	2.502034e+000
1.030202500571969e-006	2.500000e+000	2.501710e+000
1.038173929143399e-006	2.500000e+000	2.501370e+000
1.046145357714828e-006	2.500000e+000	2.501015e+000
1.054116786286257e-006	2.500000e+000	2.500645e+000
1.062088214857686e-006	2.500000e+000	2.500260e+000
1.070059643429115e-006	2.500000e+000	2.499859e+000
1.078031072000544e-006	2.500000e+000	2.499443e+000
1.081888214857688e-006	2.500000e+000	2.499270e+000
1.085745357714831e-006	2.500000e+000	2.499108e+000
1.089602500571974e-006	2.500000e+000	2.498958e+000
1.093459643429117e-006	2.500000e+000	2.498821e+000
1.097316786286260e-006	2.500000e+000	2.498695e+000
1.101173929143403e-006	2.500000e+000	2.498581e+000
1.105031072000546e-006	2.500000e+000	2.498480e+000
1.107816786286261e-006	2.500000e+000	2.498417e+000
1.110602500571976e-006	2.500000e+000	2.498362e+000
1.113388214857690e-006	2.500000e+000	2.498314e+000
1.116173929143404e-006	2.500000e+000	2.498275e+000
1.118959643429119e-006	2.500000e+000	2.498244e+000
1.121745357714833e-006	2.500000e+000	2.498221e+000
1.124531072000548e-006	2.500000e+000	2.498205e+000
1.124631072000548e-006	2.500000e+000	2.498205e+000
1.127059643429119e-006	2.500000e+000	2.498198e+000
1.129488214857691e-006	2.500000e+000	2.498198e+000
1.131916786286263e-006	2.500000e+000	2.498203e+000
1.134345357714834e-006	2.500000e+000	2.498213e+000
1.136773929143406e-006	2.500000e+000	2.498229e+000
1.139202500571978e-006	2.500000e+000	2.498251e+000
1.141631072000549e-006	2.500000e+000	2.498279e+000
1.146016786286264e-006	2.500000e+000	2.498344e+000
1.150402500571979e-006	2.500000e+000	2.498422e+000
1.154788214857693e-006	2.500000e+000	2.498512e+000
1.159173929143408e-006	2.500000e+000	2.498614e+000
1.163559643429122e-006	2.500000e+000	2.498728e+000
1.167945357714837e-006	2.500000e+000	2.498854e+000
1.172331072000552e-006	2.500000e+000	2.498993e+000
1.178202500571981e-006	2.500000e+000	2.499193e+000
1.184073929143410e-006	2.500000e+000	2.499390e+000
1.189945357714839e-006	2.500000e+000	2.499586e+000
1.195816786286267e-006	2.500000e+000	2.499779e+000
1.201688214857697e-006	2.500000e+000	2.499970e+000
1.207559643429125e-006	2.500000e+000	2.500158e+000
1.213431072000555e-006	2.500000e+000	2.500345e+000
1.215359643429126e-006	2.500000e+000	2.500400e+000
1.217288214857698e-006	2.500000e+000	2.500453e+000
1.219216786286269e-006	2.500000e+000	2.500505e+000
1.221145357714841e-006	2.500000e+000	2.500555e+000
1.223073929143412e-006	2.500000e+000	2.500602e+000
1.225002500571984e-006	2.500000e+000	2.500648e+000
1.226931072000556e-006	2.500000e+000	2.500693e+000
1.227031072000556e-006	2.500000e+000	2.500695e+000
1.230459643429127e-006	2.500000e+000	2.500768e+000
1.233888214857699e-006	2.500000e+000	2.500833e+000
1.237316786286271e-006	2.500000e+000	2.500891e+000
1.240745357714842e-006	2.500000e+000	2.500941e+000
1.244173929143414e-006	2.500000e+000	2.500983e+000
1.247602500571986e-006	2.500000e+000	2.501018e+000
1.251031072000557e-006	2.500000e+000	2.501045e+000
1.254116786286272e-006	2.500000e+000	2.501062e+000
1.257202500571987e-006	2.500000e+000	2.501073e+000
1.260288214857701e-006	2.500000e+000	2.501078e+000
1.263373929143415e-006	2.500000e+000	2.501076e+000
1.266459643429130e-006	2.500000e+000	2.501068e+000
1.269545357714845e-006	2.500000e+000	2.501054e+000
1.272631072000559e-006	2.500000e+000	2.501034e+000
1.277145357714845e-006	2.500000e+000	2.500992e+000
1.281659643429131e-006	2.500000e+000	2.500942e+000
1.286173929143417e-006	2.500000e+000	2.500883e+000
1.290688214857703e-006	2.500000e+000	2.500815e+000
1.295202500571989e-006	2.500000e+000	2.500739e+000
1.299716786286275e-006	2.500000e+000	2.500653e+000
1.304231072000561e-006	2.500000e+000	2.500559e+000
1.307816786286276e-006	2.500000e+000	2.500481e+000
1.311402500571991e-006	2.500000e+000	2.500402e+000
1.314988214857705e-006	2.500000e+000	2.500323e+000
1.318573929143420e-006	2.500000e+000	2.500242e+000
1.322159643429134e-006	2.500000e+000	2.500161e+000
1.325745357714849e-006	2.500000e+000	2.500078e+000
1.329331072000563e-006	2.500000e+000	2.499995e+000
1.329431072000563e-006	2.500000e+000	2.499993e+000
1.334145357714849e-006	2.500000e+000	2.499885e+000
1.338859643429135e-006	2.500000e+000	2.499782e+000
1.343573929143421e-006	2.500000e+000	2.499686e+000
1.348288214857708e-006	2.500000e+000	2.499595e+000
1.353002500571994e-006	2.500000e+000	2.499511e+000
1.357716786286280e-006	2.500000e+000	2.499432e+000
1.362431072000566e-006	2.500000e+000	2.499359e+000
1.366016786286280e-006	2.500000e+000	2.499311e+000
1.369602500571995e-006	2.500000e+000	2.499269e+000
1.373188214857709e-006	2.500000e+000	2.499232e+000
1.376773929143424e-006	2.500000e+000	2.499201e+000
1.380359643429138e-006	2.500000e+000	2.499175e+000
1.383945357714853e-006	2.500000e+000	2.499156e+000
1.387531072000568e-006	2.500000e+000	2.499141e+000
1.390845357714854e-006	2.500000e+000	2.499134e+000
1.394159643429140e-006	2.500000e+000	2.499131e+000
1.397473929143426e-006	2.500000e+000	2.499133e+000
1.400788214857712e-006	2.500000e+000	2.499139e+000
1.404102500571998e-006	2.500000e+000	2.499150e+000
1.407416786286283e-006	2.500000e+000	2.499166e+000
1.410731072000569e-006	2.500000e+000	2.499186e+000
1.413731072000570e-006	2.500000e+000	2.499208e+000
1.416731072000570e-006	2.500000e+000	2.499233e+000
1.419731072000570e-006	2.500000e+000	2.499260e+000
1.422731072000570e-006	2.500000e+000	2.499290e+000
1.425731072000571e-006	2.500000e+000	2.499322e+000
1.428731072000571e-006	2.500000e+000	2.499358e+000
1.431731072000571e-006	2.500000e+000	2.499396e+000
1.431831072000571e-006	2.500000e+000	2.499397e+000
1.438802500572000e-006	2.500000e+000	2.499498e+000
1.445773929143429e-006	2.500000e+000	2.499600e+000
1.452745357714858e-006	2.500000e+000	2.499701e+000
1.459716786286287e-006	2.500000e+000	2.499803e+000
1.466688214857717e-006	2.500000e+000	2.499905e+000
1.473659643429146e-006	2.500000e+000	2.500007e+000
1.480631072000575e-006	2.500000e+000	2.500109e+000
1.484988214857718e-006	2.500000e+000	2.500165e+000
1.489345357714861e-006	2.500000e+000	2.500217e+000
1.493702500572004e-006	2.500000e+000	2.500263e+000
1.498059643429147e-006	2.500000e+000	2.500304e+000
1.502416786286291e-006	2.500000e+000	2.500341e+000
1.506773929143434e-006	2.500000e+000	2.500373e+000
1.511131072000577e-006	2.500000e+000	2.500400e+000
1.514416786286291e-006	2.500000e+000	2.500416e+000
1.517702500572006e-006	2.500000e+000	2.500428e+000
1.520988214857721e-006	2.500000e+000	2.500438e+000
1.524273929143435e-006	2.500000e+000	2.500444e+000
1.527559643429150e-006	2.500000e+000	2.500447e+000
1.530845357714864e-006	2.500000e+000	2.500447e+000
1.534131072000579e-006	2.500000e+000	2.500444e+000
1.534231072000579e-006	2.500000e+000	2.500444e+000
1.538902500572008e-006	2.500000e+000	2.500433e+000
1.543573929143437e-006	2.500000e+000	2.500417e+000
1.548245357714866e-006	2.500000e+000	2.500397e+000
1.552916786286294e-006	2.500000e+000	2.500371e+000
1.557588214857723e-006	2.500000e+000	2.500341e+000
1.562259643429152e-006	2.500000e+000	2.500306e+000
1.566931072000581e-006	2.500000e+000	2.500266e+000
1.574188214857725e-006	2.500000e+000	2.500195e+000
1.581445357714868e-006	2.500000e+000	2.500124e+000
1.588702500572011e-006	2.500000e+000	2.500053e+000
1.595959643429155e-006	2.500000e+000	2.499982e+000
1.603216786286298e-006	2.500000e+000	2.499912e+000
1.610473929143442e-006	2.500000e+000	2.499841e+000
1.617731072000585e-006	2.500000e+000	2.499771e+000
1.620416786286299e-006	2.500000e+000	2.499748e+000
1.623102500572014e-006	2.500000e+000	2.499727e+000
1.625788214857728e-006	2.500000e+000	2.499707e+000
1.628473929143443e-006	2.500000e+000	2.499688e+000
1.631159643429157e-006	2.500000e+000	2.499670e+000
1.633845357714872e-006	2.500000e+000	2.499653e+000
1.636531072000586e-006	2.500000e+000	2.499637e+000
1.636631072000586e-006	2.500000e+000	2.499637e+000
1.640816786286301e-006	2.500000e+000	2.499615e+000
1.645002500572016e-006	2.500000e+000	2.499597e+000
1.649188214857730e-006	2.500000e+000	2.499583e+000
1.653373929143445e-006	2.500000e+000	2.499571e+000
1.657559643429159e-006	2.500000e+000	2.499564e+000
1.661745357714874e-006	2.500000e+000	2.499560e+000
1.665931072000589e-006	2.500000e+000	2.499559e+000
1.670873929143446e-006	2.500000e+000	2.499564e+000
1.675816786286304e-006	2.500000e+000	2.499572e+000
1.680759643429161e-006	2.500000e+000	2.499584e+000
1.685702500572019e-006	2.500000e+000	2.499600e+000
1.690645357714876e-006	2.500000e+000	2.499620e+000
1.695588214857734e-006	2.500000e+000	2.499643e+000
1.700531072000591e-006	2.500000e+000	2.499670e+000
1.706016786286306e-006	2.500000e+000	2.499704e+000
1.711502500572021e-006	2.500000e+000	2.499739e+000
1.716988214857735e-006	2.500000e+000	2.499774e+000
1.722473929143450e-006	2.500000e+000	2.499810e+000
1.727959643429165e-006	2.500000e+000	2.499848e+000
1.733445357714879e-006	2.500000e+000	2.499886e+000
1.738931072000594e-006	2.500000e+000	2.499925e+000
1.739031072000594e-006	2.500000e+000	2.499925e+000
1.744488214857737e-006	2.500000e+000	2.499962e+000
1.749945357714881e-006	2.500000e+000	2.499996e+000
1.755402500572024e-006	2.500000e+000	2.500027e+000
1.760859643429167e-006	2.500000e+000	2.500055e+000
1.766316786286310e-006	2.500000e+000	2.500081e+000
1.771773929143454e-006	2.500000e+000	2.500103e+000
1.777231072000597e-006	2.500000e+000	2.500123e+000
1.782016786286312e-006	2.500000e+000	2.500136e+000
1.786802500572026e-006	2.500000e+000	2.500147e+000
1.791588214857741e-006	2.500000e+000	2.500154e+000
1.796373929143456e-006	2.500000e+000	2.500158e+000
1.801159643429170e-006	2.500000e+000	2.500160e+000
1.805945357714885e-006	2.500000e+000	2.500158e+000
1.810731072000599e-006	2.500000e+000	2.500153e+000
1.815102500572028e-006	2.500000e+000	2.500146e+000
1.819473929143457e-006	2.500000e+000	2.500137e+000
1.823845357714886e-006	2.500000e+000	2.500127e+000
1.828216786286315e-006	2.500000e+000	2.500114e+000
1.832588214857744e-006	2.500000e+000	2.500100e+000
1.836959643429173e-006	2.500000e+000	2.500084e+000
1.841331072000602e-006	2.500000e+000	2.500067e+000
1.841431072000602e-006	2.500000e+000	2.500066e+000
1.849216786286317e-006	2.500000e+000	2.500030e+000
1.857002500572032e-006	2.500000e+000	2.499995e+000
1.864788214857746e-006	2.500000e+000	2.499961e+000
1.872573929143461e-006	2.500000e+000	2.499927e+000
1.880359643429176e-006	2.500000e+000	2.499894e+000
1.888145357714891e-006	2.500000e+000	2.499861e+000
1.895931072000606e-006	2.500000e+000	2.499830e+000
1.901402500572027e-006	2.500000e+000	2.499811e+000
1.906873929143448e-006	2.500000e+000	2.499796e+000
1.912345357714868e-006	2.500000e+000	2.499782e+000
1.917816786286289e-006	2.500000e+000	2.499772e+000
1.923288214857710e-006	2.500000e+000	2.499764e+000
1.928759643429131e-006	2.500000e+000	2.499758e+000
1.934231072000552e-006	2.500000e+000	2.499755e+000
1.943831072000532e-006	2.500000e+000	2.499757e+000
1.951331072000517e-006	2.500000e+000	2.499765e+000
1.958831072000502e-006	2.500000e+000	2.499776e+000
1.966331072000486e-006	2.500000e+000	2.499789e+000
1.973831072000471e-006	2.500000e+000	2.499806e+000
1.981331072000456e-006	2.500000e+000	2.499825e+000
1.988831072000440e-006	2.500000e+000	2.499847e+000
1.996331072000425e-006	2.500000e+000	2.499872e+000
2.003445357714696e-006	2.500000e+000	2.499896e+000
2.010559643428968e-006	2.500000e+000	2.499918e+000
2.017673929143239e-006	2.500000e+000	2.499938e+000
2.024788214857510e-006	2.500000e+000	2.499957e+000
2.031902500571781e-006	2.500000e+000	2.499975e+000
2.039016786286052e-006	2.500000e+000	2.499990e+000
2.046131072000323e-006	2.500000e+000	2.500005e+000
2.046231072000323e-006	2.500000e+000	2.500005e+000
2.052545357714596e-006	2.500000e+000	2.500014e+000
2.058859643428869e-006	2.500000e+000	2.500021e+000
2.065173929143142e-006	2.500000e+000	2.500026e+000
2.071488214857414e-006	2.500000e+000	2.500028e+000
2.077802500571687e-006	2.500000e+000	2.500028e+000
2.084116786285960e-006	2.500000e+000	2.500025e+000
2.090431072000233e-006	2.500000e+000	2.500021e+000
2.098731072000216e-006	2.500000e+000	2.500010e+000
2.107031072000199e-006	2.500000e+000	2.499998e+000
2.115331072000182e-006	2.500000e+000	2.499985e+000
2.123631072000165e-006	2.500000e+000	2.499970e+000
2.131931072000148e-006	2.500000e+000	2.499954e+000
2.140231072000131e-006	2.500000e+000	2.499936e+000
2.148531072000114e-006	2.500000e+000	2.499918e+000
2.148631072000114e-006	2.500000e+000	2.499917e+000
2.155916786285814e-006	2.500000e+000	2.499902e+000
2.163202500571513e-006	2.500000e+000	2.499889e+000
2.170488214857212e-006	2.500000e+000	2.499877e+000
2.177773929142912e-006	2.500000e+000	2.499867e+000
2.185059643428611e-006	2.500000e+000	2.499859e+000
2.192345357714310e-006	2.500000e+000	2.499852e+000
2.199631072000010e-006	2.500000e+000	2.499847e+000
2.206959643428567e-006	2.500000e+000	2.499845e+000
2.214288214857123e-006	2.500000e+000	2.499845e+000
2.221616786285679e-006	2.500000e+000	2.499847e+000
2.228945357714236e-006	2.500000e+000	2.499850e+000
2.236273929142792e-006	2.500000e+000	2.499855e+000
2.243602500571349e-006	2.500000e+000	2.499862e+000
2.250931071999905e-006	2.500000e+000	2.499871e+000
2.251031071999905e-006	2.500000e+000	2.499871e+000
2.260859643428456e-006	2.500000e+000	2.499886e+000
2.270688214857008e-006	2.500000e+000	2.499899e+000
2.280516786285559e-006	2.500000e+000	2.499912e+000
2.290345357714110e-006	2.500000e+000	2.499924e+000
2.300173929142662e-006	2.500000e+000	2.499936e+000
2.310002500571213e-006	2.500000e+000	2.499947e+000
2.319831071999764e-006	2.500000e+000	2.499957e+000
2.353431071999696e-006	2.500000e+000	2.499968e+000
2.368045357713952e-006	2.500000e+000	2.499960e+000
2.382659643428208e-006	2.500000e+000	2.499951e+000
2.397273929142463e-006	2.500000e+000	2.499941e+000
2.411888214856719e-006	2.500000e+000	2.499930e+000
2.426502500570975e-006	2.500000e+000	2.499919e+000
2.441116786285231e-006	2.500000e+000	2.499907e+000
2.455731071999487e-006	2.500000e+000	2.499893e+000
2.455831071999487e-006	2.500000e+000	2.499893e+000
2.465431071999467e-006	2.500000e+000	2.499889e+000
2.475031071999447e-006	2.500000e+000	2.499886e+000
2.484631071999428e-006	2.500000e+000	2.499885e+000
2.494231071999408e-006	2.500000e+000	2.499885e+000
2.503831071999389e-006	2.500000e+000	2.499887e+000
2.513431071999369e-006	2.500000e+000	2.499891e+000
2.523031071999349e-006	2.500000e+000	2.499895e+000
2.528045357713625e-006	2.500000e+000	2.499898e+000
2.533059643427901e-006	2.500000e+000	2.499901e+000
2.538073929142176e-006	2.500000e+000	2.499904e+000
2.543088214856451e-006	2.500000e+000	2.499907e+000
2.548102500570727e-006	2.500000e+000	2.499910e+000
2.553116786285002e-006	2.500000e+000	2.499913e+000
2.558131071999278e-006	2.500000e+000	2.499917e+000
2.558231071999278e-006	2.500000e+000	2.499917e+000
2.568702500570685e-006	2.500000e+000	2.499924e+000
2.579173929142092e-006	2.500000e+000	2.499929e+000
2.589645357713499e-006	2.500000e+000	2.499934e+000
2.600116786284906e-006	2.500000e+000	2.499937e+000
2.610588214856313e-006	2.500000e+000	2.499940e+000
2.621059643427721e-006	2.500000e+000	2.499941e+000
2.631531071999128e-006	2.500000e+000	2.499941e+000
2.660631071999068e-006	2.500000e+000	2.499934e+000
2.673859643427613e-006	2.500000e+000	2.499928e+000
2.687088214856157e-006	2.500000e+000	2.499922e+000
2.700316786284702e-006	2.500000e+000	2.499917e+000
2.713545357713246e-006	2.500000e+000	2.499913e+000
2.726773929141790e-006	2.500000e+000	2.499909e+000
2.740002500570335e-006	2.500000e+000	2.499906e+000
2.753231071998879e-006	2.500000e+000	2.499904e+000
2.763031071998859e-006	2.500000e+000	2.499903e+000
2.777645357713115e-006	2.500000e+000	2.499905e+000
2.792259643427371e-006	2.500000e+000	2.499908e+000
2.806873929141627e-006	2.500000e+000	2.499911e+000
2.821488214855883e-006	2.500000e+000	2.499914e+000
2.836102500570139e-006	2.500000e+000	2.499917e+000
2.850716786284395e-006	2.500000e+000	2.499921e+000
2.865331071998650e-006	2.500000e+000	2.499926e+000
2.865431071998650e-006	2.500000e+000	2.499926e+000
2.880045357712906e-006	2.500000e+000	2.499927e+000
2.894659643427162e-006	2.500000e+000	2.499928e+000
2.909273929141418e-006	2.500000e+000	2.499928e+000
2.923888214855673e-006	2.500000e+000	2.499927e+000
2.938502500569930e-006	2.500000e+000	2.499926e+000
2.953116786284185e-006	2.500000e+000	2.499923e+000
2.967731071998441e-006	2.500000e+000	2.499920e+000
2.967831071998441e-006	2.500000e+000	2.499920e+000
2.999931071998375e-006	2.500000e+000	2.499914e+000
3.000000000000000e-006	2.500000e+000	2.499914e+000
