vout	I(Iout)
0.000000000000000e+00	1.246185e-04
1.000000000000000e-02	1.229491e-04
2.000000000000000e-02	1.212886e-04
3.000000000000000e-02	1.196370e-04
4.000000000000000e-02	1.179944e-04
5.000000000000000e-02	1.163610e-04
6.000000000000000e-02	1.147368e-04
7.000000000000001e-02	1.131219e-04
8.000000000000000e-02	1.115163e-04
9.000000000000000e-02	1.099201e-04
9.999999999999999e-02	1.083334e-04
1.100000000000000e-01	1.067562e-04
1.200000000000000e-01	1.051886e-04
1.300000000000000e-01	1.036307e-04
1.400000000000000e-01	1.020825e-04
1.500000000000000e-01	1.005441e-04
1.600000000000000e-01	9.901552e-05
1.700000000000000e-01	9.749683e-05
1.800000000000000e-01	9.598809e-05
1.900000000000000e-01	9.448934e-05
2.000000000000000e-01	9.300065e-05
2.100000000000000e-01	9.152207e-05
2.200000000000001e-01	9.005364e-05
2.300000000000001e-01	8.859543e-05
2.400000000000001e-01	8.714748e-05
2.500000000000001e-01	8.570983e-05
2.600000000000001e-01	8.428256e-05
2.700000000000001e-01	8.286570e-05
2.800000000000001e-01	8.145930e-05
2.900000000000001e-01	8.006342e-05
3.000000000000001e-01	7.867809e-05
3.100000000000001e-01	7.730337e-05
3.200000000000001e-01	7.593931e-05
3.300000000000001e-01	7.458595e-05
3.400000000000001e-01	7.324335e-05
3.500000000000001e-01	7.191155e-05
3.600000000000002e-01	7.059060e-05
3.700000000000002e-01	6.928053e-05
3.800000000000002e-01	6.798142e-05
3.900000000000002e-01	6.669329e-05
4.000000000000002e-01	6.541620e-05
4.100000000000002e-01	6.415018e-05
4.200000000000002e-01	6.289530e-05
4.300000000000002e-01	6.165159e-05
4.400000000000002e-01	6.041910e-05
4.500000000000002e-01	5.919788e-05
4.600000000000002e-01	5.798796e-05
4.700000000000003e-01	5.678940e-05
4.800000000000003e-01	5.560225e-05
4.900000000000003e-01	5.442654e-05
5.000000000000002e-01	5.326233e-05
5.100000000000002e-01	5.210965e-05
5.200000000000002e-01	5.096856e-05
5.300000000000002e-01	4.983909e-05
5.400000000000003e-01	4.872130e-05
5.500000000000003e-01	4.761523e-05
5.600000000000003e-01	4.652091e-05
5.700000000000003e-01	4.543841e-05
5.800000000000003e-01	4.436776e-05
5.900000000000003e-01	4.330900e-05
6.000000000000003e-01	4.226218e-05
6.100000000000003e-01	4.122734e-05
6.200000000000003e-01	4.020454e-05
6.300000000000003e-01	3.919380e-05
6.400000000000003e-01	3.819518e-05
6.500000000000004e-01	3.720872e-05
6.600000000000004e-01	3.623447e-05
6.700000000000004e-01	3.527246e-05
6.800000000000004e-01	3.432274e-05
6.900000000000004e-01	3.338535e-05
7.000000000000004e-01	3.246034e-05
7.100000000000004e-01	3.154775e-05
7.200000000000004e-01	3.064762e-05
7.300000000000004e-01	2.975999e-05
7.400000000000004e-01	2.888492e-05
7.500000000000004e-01	2.802243e-05
7.600000000000005e-01	2.717257e-05
7.700000000000005e-01	2.633539e-05
7.800000000000005e-01	2.551092e-05
7.900000000000005e-01	2.469921e-05
8.000000000000005e-01	2.390029e-05
8.100000000000005e-01	2.311422e-05
8.200000000000005e-01	2.234102e-05
8.300000000000005e-01	2.158075e-05
8.400000000000005e-01	2.083343e-05
8.500000000000005e-01	2.009912e-05
8.600000000000005e-01	1.937784e-05
8.700000000000006e-01	1.866965e-05
8.800000000000006e-01	1.797457e-05
8.900000000000006e-01	1.729265e-05
9.000000000000006e-01	1.662392e-05
9.100000000000006e-01	1.596842e-05
9.200000000000006e-01	1.532619e-05
9.300000000000006e-01	1.469727e-05
9.400000000000006e-01	1.408168e-05
9.500000000000006e-01	1.347947e-05
9.600000000000006e-01	1.289067e-05
9.700000000000006e-01	1.231531e-05
9.800000000000006e-01	1.175342e-05
9.900000000000007e-01	1.120503e-05
1.000000000000001e+00	1.067018e-05
1.010000000000001e+00	1.014889e-05
1.020000000000001e+00	9.641195e-06
1.030000000000001e+00	9.147114e-06
1.040000000000001e+00	8.666671e-06
1.050000000000001e+00	8.199893e-06
1.060000000000001e+00	7.746797e-06
1.070000000000001e+00	7.307402e-06
1.080000000000001e+00	6.881724e-06
1.090000000000001e+00	6.469777e-06
1.100000000000001e+00	6.071569e-06
1.110000000000001e+00	5.687109e-06
1.120000000000001e+00	5.316506e-06
1.130000000000001e+00	4.960086e-06
1.140000000000001e+00	4.617855e-06
1.150000000000001e+00	4.289791e-06
1.160000000000001e+00	3.975867e-06
1.170000000000001e+00	3.676049e-06
1.180000000000001e+00	3.390293e-06
1.190000000000001e+00	3.118551e-06
1.200000000000001e+00	2.860763e-06
1.210000000000001e+00	2.616860e-06
1.220000000000001e+00	2.386759e-06
1.230000000000001e+00	2.170367e-06
1.240000000000001e+00	1.967574e-06
1.250000000000001e+00	1.778251e-06
1.260000000000001e+00	1.602251e-06
1.270000000000001e+00	1.439405e-06
1.280000000000001e+00	1.289516e-06
1.290000000000001e+00	1.152356e-06
1.300000000000001e+00	1.027663e-06
1.310000000000001e+00	9.151316e-07
1.320000000000001e+00	8.144070e-07
1.330000000000001e+00	7.250737e-07
1.340000000000001e+00	6.466416e-07
1.350000000000001e+00	5.785275e-07
1.360000000000001e+00	5.200365e-07
1.370000000000001e+00	4.703651e-07
1.380000000000001e+00	4.286639e-07
1.390000000000001e+00	3.941306e-07
1.400000000000001e+00	3.660123e-07
1.410000000000001e+00	3.435337e-07
1.420000000000001e+00	3.258736e-07
1.430000000000001e+00	3.122003e-07
1.440000000000001e+00	3.017239e-07
1.450000000000001e+00	2.937402e-07
1.460000000000001e+00	2.876578e-07
1.470000000000001e+00	2.830051e-07
1.480000000000001e+00	2.794195e-07
1.490000000000001e+00	2.766157e-07
1.500000000000001e+00	2.743522e-07
1.510000000000001e+00	2.724288e-07
1.520000000000001e+00	2.707049e-07
1.530000000000001e+00	2.690975e-07
1.540000000000001e+00	2.675609e-07
1.550000000000001e+00	2.660705e-07
1.560000000000001e+00	2.646123e-07
1.570000000000001e+00	2.631780e-07
1.580000000000001e+00	2.617626e-07
1.590000000000001e+00	2.603626e-07
1.600000000000001e+00	2.589757e-07
1.610000000000001e+00	2.576005e-07
1.620000000000001e+00	2.562357e-07
1.630000000000001e+00	2.548803e-07
1.640000000000001e+00	2.535336e-07
1.650000000000001e+00	2.521952e-07
1.660000000000001e+00	2.508644e-07
1.670000000000001e+00	2.495408e-07
1.680000000000001e+00	2.482243e-07
1.690000000000001e+00	2.469143e-07
1.700000000000001e+00	2.456106e-07
1.710000000000001e+00	2.443131e-07
1.720000000000001e+00	2.430213e-07
1.730000000000001e+00	2.417353e-07
1.740000000000001e+00	2.404546e-07
1.750000000000001e+00	2.391791e-07
1.760000000000001e+00	2.379088e-07
1.770000000000001e+00	2.366433e-07
1.780000000000001e+00	2.353827e-07
1.790000000000001e+00	2.341266e-07
1.800000000000001e+00	2.328749e-07
1.810000000000001e+00	2.316277e-07
1.820000000000001e+00	2.303846e-07
1.830000000000001e+00	2.291456e-07
1.840000000000001e+00	2.279105e-07
1.850000000000001e+00	2.266794e-07
1.860000000000001e+00	2.254519e-07
1.870000000000001e+00	2.242281e-07
1.880000000000001e+00	2.230079e-07
1.890000000000001e+00	2.217911e-07
1.900000000000001e+00	2.205776e-07
1.910000000000001e+00	2.193674e-07
1.920000000000001e+00	2.181604e-07
1.930000000000001e+00	2.169565e-07
1.940000000000002e+00	2.157555e-07
1.950000000000002e+00	2.145575e-07
1.960000000000002e+00	2.133624e-07
1.970000000000002e+00	2.121700e-07
1.980000000000002e+00	2.109804e-07
1.990000000000002e+00	2.097933e-07
2.000000000000001e+00	2.086089e-07
2.010000000000001e+00	2.074269e-07
2.020000000000001e+00	2.062474e-07
2.030000000000001e+00	2.050703e-07
2.040000000000000e+00	2.038955e-07
2.050000000000000e+00	2.027229e-07
2.060000000000000e+00	2.015525e-07
2.070000000000000e+00	2.003843e-07
2.080000000000000e+00	1.992181e-07
2.089999999999999e+00	1.980540e-07
2.099999999999999e+00	1.968919e-07
2.109999999999999e+00	1.957317e-07
2.119999999999999e+00	1.945734e-07
2.129999999999999e+00	1.934169e-07
2.139999999999998e+00	1.922621e-07
2.149999999999998e+00	1.911092e-07
2.159999999999998e+00	1.899579e-07
2.169999999999998e+00	1.888083e-07
2.179999999999997e+00	1.876602e-07
2.189999999999997e+00	1.865138e-07
2.199999999999997e+00	1.853688e-07
2.209999999999997e+00	1.842253e-07
2.219999999999997e+00	1.830833e-07
2.229999999999996e+00	1.819427e-07
2.239999999999996e+00	1.808034e-07
2.249999999999996e+00	1.796654e-07
2.259999999999996e+00	1.785288e-07
2.269999999999996e+00	1.773933e-07
2.279999999999995e+00	1.762591e-07
2.289999999999995e+00	1.751261e-07
2.299999999999995e+00	1.739942e-07
2.309999999999995e+00	1.728635e-07
2.319999999999995e+00	1.717337e-07
2.329999999999994e+00	1.706051e-07
2.339999999999994e+00	1.694775e-07
2.349999999999994e+00	1.683508e-07
2.359999999999994e+00	1.672251e-07
2.369999999999993e+00	1.661003e-07
2.379999999999993e+00	1.649764e-07
2.389999999999993e+00	1.638533e-07
2.399999999999993e+00	1.627311e-07
2.409999999999993e+00	1.616096e-07
2.419999999999992e+00	1.604890e-07
2.429999999999992e+00	1.593691e-07
2.439999999999992e+00	1.582499e-07
2.449999999999992e+00	1.571314e-07
2.459999999999992e+00	1.560135e-07
2.469999999999991e+00	1.548963e-07
2.479999999999991e+00	1.537797e-07
2.489999999999991e+00	1.526636e-07
2.499999999999991e+00	1.515482e-07
2.509999999999990e+00	1.504332e-07
2.519999999999990e+00	1.493188e-07
2.529999999999990e+00	1.482048e-07
2.539999999999990e+00	1.470913e-07
2.549999999999990e+00	1.459782e-07
2.559999999999989e+00	1.448655e-07
2.569999999999989e+00	1.437532e-07
2.579999999999989e+00	1.426413e-07
2.589999999999989e+00	1.415297e-07
2.599999999999989e+00	1.404184e-07
2.609999999999988e+00	1.393074e-07
2.619999999999988e+00	1.381966e-07
2.629999999999988e+00	1.370861e-07
2.639999999999988e+00	1.359758e-07
2.649999999999987e+00	1.348658e-07
2.659999999999987e+00	1.337558e-07
2.669999999999987e+00	1.326461e-07
2.679999999999987e+00	1.315365e-07
2.689999999999987e+00	1.304270e-07
2.699999999999986e+00	1.293175e-07
2.709999999999986e+00	1.282082e-07
2.719999999999986e+00	1.270989e-07
2.729999999999986e+00	1.259896e-07
2.739999999999986e+00	1.248803e-07
2.749999999999985e+00	1.237710e-07
2.759999999999985e+00	1.226617e-07
2.769999999999985e+00	1.215523e-07
2.779999999999985e+00	1.204428e-07
2.789999999999984e+00	1.193333e-07
2.799999999999984e+00	1.182236e-07
2.809999999999984e+00	1.171137e-07
2.819999999999984e+00	1.160037e-07
2.829999999999984e+00	1.148936e-07
2.839999999999983e+00	1.137832e-07
2.849999999999983e+00	1.126726e-07
2.859999999999983e+00	1.115617e-07
2.869999999999983e+00	1.104506e-07
2.879999999999983e+00	1.093393e-07
2.889999999999982e+00	1.082276e-07
2.899999999999982e+00	1.071156e-07
2.909999999999982e+00	1.060032e-07
2.919999999999982e+00	1.048905e-07
2.929999999999982e+00	1.037774e-07
2.939999999999981e+00	1.026639e-07
2.949999999999981e+00	1.015500e-07
2.959999999999981e+00	1.004357e-07
2.969999999999981e+00	9.932084e-08
2.979999999999980e+00	9.820555e-08
2.989999999999980e+00	9.708975e-08
2.999999999999980e+00	9.597344e-08
3.009999999999980e+00	9.485658e-08
3.019999999999980e+00	9.373916e-08
3.029999999999979e+00	9.262116e-08
3.039999999999979e+00	9.150256e-08
3.049999999999979e+00	9.038334e-08
3.059999999999979e+00	8.926348e-08
3.069999999999979e+00	8.814295e-08
3.079999999999978e+00	8.702175e-08
3.089999999999978e+00	8.589983e-08
3.099999999999978e+00	8.477720e-08
3.109999999999978e+00	8.365382e-08
3.119999999999977e+00	8.252968e-08
3.129999999999977e+00	8.140475e-08
3.139999999999977e+00	8.027902e-08
3.149999999999977e+00	7.915245e-08
3.159999999999977e+00	7.802504e-08
3.169999999999976e+00	7.689676e-08
3.179999999999976e+00	7.576759e-08
3.189999999999976e+00	7.463750e-08
3.199999999999976e+00	7.350648e-08
3.209999999999976e+00	7.237450e-08
3.219999999999975e+00	7.124154e-08
3.229999999999975e+00	7.010759e-08
3.239999999999975e+00	6.897261e-08
3.249999999999975e+00	6.783659e-08
3.259999999999974e+00	6.669949e-08
3.269999999999974e+00	6.556131e-08
3.279999999999974e+00	6.442201e-08
3.289999999999974e+00	6.328158e-08
3.299999999999974e+00	6.213998e-08
3.309999999999973e+00	6.099721e-08
3.319999999999973e+00	5.985322e-08
3.329999999999973e+00	5.870800e-08
3.339999999999973e+00	5.756153e-08
3.349999999999973e+00	5.641377e-08
3.359999999999972e+00	5.526472e-08
3.369999999999972e+00	5.411433e-08
3.379999999999972e+00	5.296259e-08
3.389999999999972e+00	5.180947e-08
3.399999999999971e+00	5.065494e-08
3.409999999999971e+00	4.949898e-08
3.419999999999971e+00	4.834156e-08
3.429999999999971e+00	4.718266e-08
3.439999999999971e+00	4.602224e-08
3.449999999999970e+00	4.486029e-08
3.459999999999970e+00	4.369678e-08
3.469999999999970e+00	4.253167e-08
3.479999999999970e+00	4.136494e-08
3.489999999999970e+00	4.019656e-08
3.499999999999969e+00	3.902651e-08
3.509999999999969e+00	3.785475e-08
3.519999999999969e+00	3.668125e-08
3.529999999999969e+00	3.550599e-08
3.539999999999969e+00	3.432894e-08
3.549999999999968e+00	3.315007e-08
3.559999999999968e+00	3.196933e-08
3.569999999999968e+00	3.078672e-08
3.579999999999968e+00	2.960218e-08
3.589999999999967e+00	2.841570e-08
3.599999999999967e+00	2.722724e-08
3.609999999999967e+00	2.603676e-08
3.619999999999967e+00	2.484424e-08
3.629999999999967e+00	2.364964e-08
3.639999999999966e+00	2.245293e-08
3.649999999999966e+00	2.125407e-08
3.659999999999966e+00	2.005304e-08
3.669999999999966e+00	1.884978e-08
3.679999999999966e+00	1.764428e-08
3.689999999999965e+00	1.643649e-08
3.699999999999965e+00	1.522639e-08
3.709999999999965e+00	1.401392e-08
3.719999999999965e+00	1.279905e-08
3.729999999999964e+00	1.158176e-08
3.739999999999964e+00	1.036199e-08
3.749999999999964e+00	9.139717e-09
3.759999999999964e+00	7.914892e-09
3.769999999999964e+00	6.687481e-09
3.779999999999963e+00	5.457442e-09
3.789999999999963e+00	4.224736e-09
3.799999999999963e+00	2.989320e-09
3.809999999999963e+00	1.751155e-09
3.819999999999963e+00	5.101974e-10
3.829999999999962e+00	-7.335949e-10
3.839999999999962e+00	-1.980265e-09
3.849999999999962e+00	-3.229856e-09
3.859999999999962e+00	-4.482414e-09
3.869999999999961e+00	-5.737981e-09
3.879999999999961e+00	-6.996605e-09
3.889999999999961e+00	-8.258330e-09
3.899999999999961e+00	-9.523204e-09
3.909999999999961e+00	-1.079127e-08
3.919999999999960e+00	-1.206258e-08
3.929999999999960e+00	-1.333719e-08
3.939999999999960e+00	-1.461513e-08
3.949999999999960e+00	-1.589647e-08
3.959999999999960e+00	-1.718125e-08
3.969999999999959e+00	-1.846951e-08
3.979999999999959e+00	-1.976133e-08
3.989999999999959e+00	-2.105673e-08
3.999999999999959e+00	-2.235579e-08
4.009999999999959e+00	-2.365855e-08
4.019999999999959e+00	-2.496507e-08
4.029999999999959e+00	-2.627540e-08
4.039999999999958e+00	-2.758960e-08
4.049999999999958e+00	-2.890772e-08
4.059999999999958e+00	-3.022983e-08
4.069999999999958e+00	-3.155597e-08
4.079999999999957e+00	-3.288622e-08
4.089999999999957e+00	-3.422063e-08
4.099999999999957e+00	-3.555926e-08
4.109999999999957e+00	-3.690218e-08
4.119999999999957e+00	-3.824943e-08
4.129999999999956e+00	-3.960110e-08
4.139999999999956e+00	-4.095724e-08
4.149999999999956e+00	-4.231792e-08
4.159999999999956e+00	-4.368321e-08
4.169999999999956e+00	-4.505317e-08
4.179999999999955e+00	-4.642786e-08
4.189999999999955e+00	-4.780738e-08
4.199999999999955e+00	-4.919178e-08
4.209999999999955e+00	-5.058113e-08
4.219999999999954e+00	-5.197552e-08
4.229999999999954e+00	-5.337501e-08
4.239999999999954e+00	-5.477969e-08
4.249999999999954e+00	-5.618964e-08
4.259999999999954e+00	-5.760495e-08
4.269999999999953e+00	-5.902570e-08
4.279999999999953e+00	-6.045198e-08
4.289999999999953e+00	-6.188390e-08
4.299999999999953e+00	-6.332155e-08
4.309999999999953e+00	-6.476505e-08
4.319999999999952e+00	-6.621453e-08
4.329999999999952e+00	-6.767012e-08
4.339999999999952e+00	-6.913199e-08
4.349999999999952e+00	-7.060030e-08
4.359999999999951e+00	-7.207528e-08
4.369999999999951e+00	-7.355720e-08
4.379999999999951e+00	-7.504638e-08
4.389999999999951e+00	-7.654324e-08
4.399999999999951e+00	-7.804835e-08
4.409999999999950e+00	-7.956245e-08
4.419999999999950e+00	-8.108661e-08
4.429999999999950e+00	-8.262231e-08
4.439999999999950e+00	-8.417178e-08
4.449999999999950e+00	-8.573831e-08
4.459999999999949e+00	-8.732697e-08
4.469999999999949e+00	-8.894566e-08
4.479999999999949e+00	-9.060674e-08
4.489999999999949e+00	-9.232922e-08
4.499999999999948e+00	-9.414152e-08
4.509999999999948e+00	-9.608383e-08
4.519999999999948e+00	-9.821017e-08
4.529999999999948e+00	-1.005904e-07
4.539999999999948e+00	-1.033134e-07
4.549999999999947e+00	-1.064902e-07
4.559999999999947e+00	-1.102560e-07
4.569999999999947e+00	-1.147691e-07
4.579999999999947e+00	-1.202061e-07
4.589999999999947e+00	-1.267542e-07
4.599999999999946e+00	-1.346022e-07
4.609999999999946e+00	-1.439313e-07
4.619999999999946e+00	-1.549103e-07
4.629999999999946e+00	-1.676949e-07
4.639999999999946e+00	-1.824337e-07
4.649999999999945e+00	-1.992743e-07
4.659999999999945e+00	-2.183648e-07
4.669999999999945e+00	-2.398481e-07
4.679999999999945e+00	-2.638551e-07
4.689999999999944e+00	-2.905007e-07
4.699999999999944e+00	-3.198843e-07
4.709999999999944e+00	-3.520908e-07
4.719999999999944e+00	-3.871936e-07
4.729999999999944e+00	-4.252561e-07
4.739999999999943e+00	-4.663333e-07
4.749999999999943e+00	-5.104739e-07
4.759999999999943e+00	-5.577203e-07
4.769999999999943e+00	-6.081107e-07
4.779999999999943e+00	-6.616787e-07
4.789999999999942e+00	-7.184543e-07
4.799999999999942e+00	-7.784648e-07
4.809999999999942e+00	-8.417343e-07
4.819999999999942e+00	-9.082848e-07
4.829999999999941e+00	-9.781362e-07
4.839999999999941e+00	-1.051306e-06
4.849999999999941e+00	-1.127811e-06
4.859999999999941e+00	-1.207666e-06
4.869999999999941e+00	-1.290884e-06
4.879999999999940e+00	-1.377477e-06
4.889999999999940e+00	-1.467457e-06
4.899999999999940e+00	-1.560833e-06
4.909999999999940e+00	-1.657614e-06
4.919999999999940e+00	-1.757810e-06
4.929999999999939e+00	-1.861428e-06
4.939999999999939e+00	-1.968474e-06
4.949999999999939e+00	-2.078955e-06
4.959999999999939e+00	-2.192876e-06
4.969999999999938e+00	-2.310244e-06
4.979999999999938e+00	-2.431061e-06
4.989999999999938e+00	-2.555334e-06
5.000000000000000e+00	-2.683064e-06
