v1	V(vout)
0.000000000000000e+00	2.499437e-01
1.000000000000000e-02	2.499874e-01
2.000000000000000e-02	2.500532e-01
3.000000000000000e-02	2.501285e-01
4.000000000000000e-02	2.502221e-01
5.000000000000000e-02	2.503387e-01
6.000000000000000e-02	2.504836e-01
7.000000000000001e-02	2.506641e-01
8.000000000000000e-02	2.508887e-01
9.000000000000000e-02	2.511682e-01
9.999999999999999e-02	2.515160e-01
1.100000000000000e-01	2.519484e-01
1.200000000000000e-01	2.524851e-01
1.300000000000000e-01	2.531503e-01
1.400000000000000e-01	2.539728e-01
1.500000000000000e-01	2.549866e-01
1.600000000000000e-01	2.562312e-01
1.700000000000000e-01	2.577514e-01
1.800000000000000e-01	2.595969e-01
1.900000000000000e-01	2.618207e-01
2.000000000000000e-01	2.644770e-01
2.100000000000000e-01	2.676180e-01
2.200000000000001e-01	2.712903e-01
2.300000000000001e-01	2.755306e-01
2.400000000000001e-01	2.803622e-01
2.500000000000001e-01	2.857924e-01
2.600000000000001e-01	2.918115e-01
2.700000000000001e-01	2.983939e-01
2.800000000000001e-01	3.055007e-01
2.900000000000001e-01	3.130831e-01
3.000000000000001e-01	3.210868e-01
3.100000000000001e-01	3.294562e-01
3.200000000000001e-01	3.381367e-01
3.300000000000001e-01	3.470778e-01
3.400000000000001e-01	3.562342e-01
3.500000000000001e-01	3.655662e-01
3.600000000000002e-01	3.750398e-01
3.700000000000002e-01	3.846267e-01
3.800000000000002e-01	3.943034e-01
3.900000000000002e-01	4.040504e-01
4.000000000000002e-01	4.138522e-01
4.100000000000002e-01	4.236959e-01
4.200000000000002e-01	4.335711e-01
4.300000000000002e-01	4.434696e-01
4.400000000000002e-01	4.533843e-01
4.500000000000002e-01	4.633098e-01
4.600000000000002e-01	4.732416e-01
4.700000000000003e-01	4.831761e-01
4.800000000000003e-01	4.931104e-01
4.900000000000003e-01	5.030429e-01
5.000000000000002e-01	5.129723e-01
5.100000000000002e-01	5.228984e-01
5.200000000000002e-01	5.328215e-01
5.300000000000002e-01	5.427428e-01
5.400000000000003e-01	5.526636e-01
5.500000000000003e-01	5.625852e-01
5.600000000000003e-01	5.725091e-01
5.700000000000003e-01	5.824364e-01
5.800000000000003e-01	5.923680e-01
5.900000000000003e-01	6.023043e-01
6.000000000000003e-01	6.122454e-01
6.100000000000003e-01	6.221912e-01
6.200000000000003e-01	6.321414e-01
6.300000000000003e-01	6.420955e-01
6.400000000000003e-01	6.520532e-01
6.500000000000004e-01	6.620138e-01
6.600000000000004e-01	6.719769e-01
6.700000000000004e-01	6.819422e-01
6.800000000000004e-01	6.919093e-01
6.900000000000004e-01	7.018777e-01
7.000000000000004e-01	7.118473e-01
7.100000000000004e-01	7.218179e-01
7.200000000000004e-01	7.317891e-01
7.300000000000004e-01	7.417610e-01
7.400000000000004e-01	7.517333e-01
7.500000000000004e-01	7.617061e-01
7.600000000000005e-01	7.716790e-01
7.700000000000005e-01	7.816523e-01
7.800000000000005e-01	7.916258e-01
7.900000000000005e-01	8.015994e-01
8.000000000000005e-01	8.115731e-01
8.100000000000005e-01	8.215470e-01
8.200000000000005e-01	8.315209e-01
8.300000000000005e-01	8.414949e-01
8.400000000000005e-01	8.514690e-01
8.500000000000005e-01	8.614430e-01
8.600000000000005e-01	8.714172e-01
8.700000000000006e-01	8.813914e-01
8.800000000000006e-01	8.913656e-01
8.900000000000006e-01	9.013399e-01
9.000000000000006e-01	9.113141e-01
9.100000000000006e-01	9.212884e-01
9.200000000000006e-01	9.312627e-01
9.300000000000006e-01	9.412370e-01
9.400000000000006e-01	9.512113e-01
9.500000000000006e-01	9.611857e-01
9.600000000000006e-01	9.711601e-01
9.700000000000006e-01	9.811344e-01
9.800000000000006e-01	9.911087e-01
9.900000000000007e-01	1.001083e+00
1.000000000000001e+00	1.011057e+00
1.010000000000001e+00	1.021032e+00
1.020000000000001e+00	1.031006e+00
1.030000000000001e+00	1.040981e+00
1.040000000000001e+00	1.050955e+00
1.050000000000001e+00	1.060929e+00
1.060000000000001e+00	1.070904e+00
1.070000000000001e+00	1.080878e+00
1.080000000000001e+00	1.090852e+00
1.090000000000001e+00	1.100827e+00
1.100000000000001e+00	1.110801e+00
1.110000000000001e+00	1.120775e+00
1.120000000000001e+00	1.130749e+00
1.130000000000001e+00	1.140724e+00
1.140000000000001e+00	1.150698e+00
1.150000000000001e+00	1.160672e+00
1.160000000000001e+00	1.170646e+00
1.170000000000001e+00	1.180621e+00
1.180000000000001e+00	1.190595e+00
1.190000000000001e+00	1.200569e+00
1.200000000000001e+00	1.210543e+00
1.210000000000001e+00	1.220517e+00
1.220000000000001e+00	1.230491e+00
1.230000000000001e+00	1.240465e+00
1.240000000000001e+00	1.250439e+00
1.250000000000001e+00	1.260413e+00
1.260000000000001e+00	1.270387e+00
1.270000000000001e+00	1.280361e+00
1.280000000000001e+00	1.290335e+00
1.290000000000001e+00	1.300309e+00
1.300000000000001e+00	1.310283e+00
1.310000000000001e+00	1.320257e+00
1.320000000000001e+00	1.330231e+00
1.330000000000001e+00	1.340205e+00
1.340000000000001e+00	1.350178e+00
1.350000000000001e+00	1.360152e+00
1.360000000000001e+00	1.370126e+00
1.370000000000001e+00	1.380100e+00
1.380000000000001e+00	1.390073e+00
1.390000000000001e+00	1.400047e+00
1.400000000000001e+00	1.410021e+00
1.410000000000001e+00	1.419994e+00
1.420000000000001e+00	1.429968e+00
1.430000000000001e+00	1.439941e+00
1.440000000000001e+00	1.449915e+00
1.450000000000001e+00	1.459888e+00
1.460000000000001e+00	1.469862e+00
1.470000000000001e+00	1.479835e+00
1.480000000000001e+00	1.489809e+00
1.490000000000001e+00	1.499782e+00
1.500000000000001e+00	1.509755e+00
1.510000000000001e+00	1.519728e+00
1.520000000000001e+00	1.529702e+00
1.530000000000001e+00	1.539675e+00
1.540000000000001e+00	1.549648e+00
1.550000000000001e+00	1.559621e+00
1.560000000000001e+00	1.569594e+00
1.570000000000001e+00	1.579567e+00
1.580000000000001e+00	1.589540e+00
1.590000000000001e+00	1.599513e+00
1.600000000000001e+00	1.609486e+00
1.610000000000001e+00	1.619459e+00
1.620000000000001e+00	1.629432e+00
1.630000000000001e+00	1.639405e+00
1.640000000000001e+00	1.649377e+00
1.650000000000001e+00	1.659350e+00
1.660000000000001e+00	1.669323e+00
1.670000000000001e+00	1.679295e+00
1.680000000000001e+00	1.689268e+00
1.690000000000001e+00	1.699241e+00
1.700000000000001e+00	1.709213e+00
1.710000000000001e+00	1.719185e+00
1.720000000000001e+00	1.729158e+00
1.730000000000001e+00	1.739130e+00
1.740000000000001e+00	1.749103e+00
1.750000000000001e+00	1.759075e+00
1.760000000000001e+00	1.769047e+00
1.770000000000001e+00	1.779019e+00
1.780000000000001e+00	1.788992e+00
1.790000000000001e+00	1.798964e+00
1.800000000000001e+00	1.808936e+00
1.810000000000001e+00	1.818908e+00
1.820000000000001e+00	1.828880e+00
1.830000000000001e+00	1.838852e+00
1.840000000000001e+00	1.848824e+00
1.850000000000001e+00	1.858796e+00
1.860000000000001e+00	1.868767e+00
1.870000000000001e+00	1.878739e+00
1.880000000000001e+00	1.888711e+00
1.890000000000001e+00	1.898683e+00
1.900000000000001e+00	1.908654e+00
1.910000000000001e+00	1.918626e+00
1.920000000000001e+00	1.928597e+00
1.930000000000001e+00	1.938569e+00
1.940000000000002e+00	1.948540e+00
1.950000000000002e+00	1.958512e+00
1.960000000000002e+00	1.968483e+00
1.970000000000002e+00	1.978455e+00
1.980000000000002e+00	1.988426e+00
1.990000000000002e+00	1.998397e+00
2.000000000000001e+00	2.008368e+00
2.010000000000001e+00	2.018339e+00
2.020000000000001e+00	2.028310e+00
2.030000000000001e+00	2.038281e+00
2.040000000000000e+00	2.048252e+00
2.050000000000000e+00	2.058223e+00
2.060000000000000e+00	2.068194e+00
2.070000000000000e+00	2.078165e+00
2.080000000000000e+00	2.088136e+00
2.089999999999999e+00	2.098106e+00
2.099999999999999e+00	2.108077e+00
2.109999999999999e+00	2.118048e+00
2.119999999999999e+00	2.128018e+00
2.129999999999999e+00	2.137989e+00
2.139999999999998e+00	2.147959e+00
2.149999999999998e+00	2.157930e+00
2.159999999999998e+00	2.167900e+00
2.169999999999998e+00	2.177871e+00
2.179999999999997e+00	2.187841e+00
2.189999999999997e+00	2.197811e+00
2.199999999999997e+00	2.207781e+00
2.209999999999997e+00	2.217751e+00
2.219999999999997e+00	2.227721e+00
2.229999999999996e+00	2.237691e+00
2.239999999999996e+00	2.247661e+00
2.249999999999996e+00	2.257631e+00
2.259999999999996e+00	2.267601e+00
2.269999999999996e+00	2.277571e+00
2.279999999999995e+00	2.287540e+00
2.289999999999995e+00	2.297510e+00
2.299999999999995e+00	2.307480e+00
2.309999999999995e+00	2.317449e+00
2.319999999999995e+00	2.327419e+00
2.329999999999994e+00	2.337388e+00
2.339999999999994e+00	2.347358e+00
2.349999999999994e+00	2.357327e+00
2.359999999999994e+00	2.367296e+00
2.369999999999993e+00	2.377266e+00
2.379999999999993e+00	2.387235e+00
2.389999999999993e+00	2.397204e+00
2.399999999999993e+00	2.407173e+00
2.409999999999993e+00	2.417142e+00
2.419999999999992e+00	2.427111e+00
2.429999999999992e+00	2.437080e+00
2.439999999999992e+00	2.447049e+00
2.449999999999992e+00	2.457018e+00
2.459999999999992e+00	2.466986e+00
2.469999999999991e+00	2.476955e+00
2.479999999999991e+00	2.486924e+00
2.489999999999991e+00	2.496892e+00
2.499999999999991e+00	2.506861e+00
2.509999999999990e+00	2.516829e+00
2.519999999999990e+00	2.526798e+00
2.529999999999990e+00	2.536766e+00
2.539999999999990e+00	2.546734e+00
2.549999999999990e+00	2.556702e+00
2.559999999999989e+00	2.566670e+00
2.569999999999989e+00	2.576639e+00
2.579999999999989e+00	2.586607e+00
2.589999999999989e+00	2.596575e+00
2.599999999999989e+00	2.606543e+00
2.609999999999988e+00	2.616510e+00
2.619999999999988e+00	2.626478e+00
2.629999999999988e+00	2.636446e+00
2.639999999999988e+00	2.646414e+00
2.649999999999987e+00	2.656381e+00
2.659999999999987e+00	2.666349e+00
2.669999999999987e+00	2.676316e+00
2.679999999999987e+00	2.686284e+00
2.689999999999987e+00	2.696251e+00
2.699999999999986e+00	2.706218e+00
2.709999999999986e+00	2.716186e+00
2.719999999999986e+00	2.726153e+00
2.729999999999986e+00	2.736120e+00
2.739999999999986e+00	2.746087e+00
2.749999999999985e+00	2.756054e+00
2.759999999999985e+00	2.766021e+00
2.769999999999985e+00	2.775988e+00
2.779999999999985e+00	2.785954e+00
2.789999999999984e+00	2.795921e+00
2.799999999999984e+00	2.805888e+00
2.809999999999984e+00	2.815855e+00
2.819999999999984e+00	2.825821e+00
2.829999999999984e+00	2.835788e+00
2.839999999999983e+00	2.845754e+00
2.849999999999983e+00	2.855720e+00
2.859999999999983e+00	2.865687e+00
2.869999999999983e+00	2.875653e+00
2.879999999999983e+00	2.885619e+00
2.889999999999982e+00	2.895585e+00
2.899999999999982e+00	2.905551e+00
2.909999999999982e+00	2.915517e+00
2.919999999999982e+00	2.925483e+00
2.929999999999982e+00	2.935449e+00
2.939999999999981e+00	2.945415e+00
2.949999999999981e+00	2.955380e+00
2.959999999999981e+00	2.965346e+00
2.969999999999981e+00	2.975311e+00
2.979999999999980e+00	2.985277e+00
2.989999999999980e+00	2.995242e+00
2.999999999999980e+00	3.005208e+00
3.009999999999980e+00	3.015173e+00
3.019999999999980e+00	3.025138e+00
3.029999999999979e+00	3.035103e+00
3.039999999999979e+00	3.045068e+00
3.049999999999979e+00	3.055033e+00
3.059999999999979e+00	3.064998e+00
3.069999999999979e+00	3.074963e+00
3.079999999999978e+00	3.084928e+00
3.089999999999978e+00	3.094893e+00
3.099999999999978e+00	3.104857e+00
3.109999999999978e+00	3.114822e+00
3.119999999999977e+00	3.124786e+00
3.129999999999977e+00	3.134751e+00
3.139999999999977e+00	3.144715e+00
3.149999999999977e+00	3.154679e+00
3.159999999999977e+00	3.164643e+00
3.169999999999976e+00	3.174608e+00
3.179999999999976e+00	3.184572e+00
3.189999999999976e+00	3.194535e+00
3.199999999999976e+00	3.204499e+00
3.209999999999976e+00	3.214463e+00
3.219999999999975e+00	3.224427e+00
3.229999999999975e+00	3.234391e+00
3.239999999999975e+00	3.244354e+00
3.249999999999975e+00	3.254318e+00
3.259999999999974e+00	3.264281e+00
3.269999999999974e+00	3.274245e+00
3.279999999999974e+00	3.284208e+00
3.289999999999974e+00	3.294171e+00
3.299999999999974e+00	3.304134e+00
3.309999999999973e+00	3.314097e+00
3.319999999999973e+00	3.324060e+00
3.329999999999973e+00	3.334023e+00
3.339999999999973e+00	3.343986e+00
3.349999999999973e+00	3.353949e+00
3.359999999999972e+00	3.363912e+00
3.369999999999972e+00	3.373874e+00
3.379999999999972e+00	3.383837e+00
3.389999999999972e+00	3.393799e+00
3.399999999999971e+00	3.403761e+00
3.409999999999971e+00	3.413724e+00
3.419999999999971e+00	3.423686e+00
3.429999999999971e+00	3.433648e+00
3.439999999999971e+00	3.443610e+00
3.449999999999970e+00	3.453572e+00
3.459999999999970e+00	3.463534e+00
3.469999999999970e+00	3.473496e+00
3.479999999999970e+00	3.483457e+00
3.489999999999970e+00	3.493419e+00
3.499999999999969e+00	3.503381e+00
3.509999999999969e+00	3.513342e+00
3.519999999999969e+00	3.523303e+00
3.529999999999969e+00	3.533264e+00
3.539999999999969e+00	3.543226e+00
3.549999999999968e+00	3.553187e+00
3.559999999999968e+00	3.563148e+00
3.569999999999968e+00	3.573109e+00
3.579999999999968e+00	3.583070e+00
3.589999999999967e+00	3.593030e+00
3.599999999999967e+00	3.602991e+00
3.609999999999967e+00	3.612952e+00
3.619999999999967e+00	3.622912e+00
3.629999999999967e+00	3.632872e+00
3.639999999999966e+00	3.642833e+00
3.649999999999966e+00	3.652793e+00
3.659999999999966e+00	3.662753e+00
3.669999999999966e+00	3.672713e+00
3.679999999999966e+00	3.682673e+00
3.689999999999965e+00	3.692633e+00
3.699999999999965e+00	3.702593e+00
3.709999999999965e+00	3.712552e+00
3.719999999999965e+00	3.722512e+00
3.729999999999964e+00	3.732471e+00
3.739999999999964e+00	3.742431e+00
3.749999999999964e+00	3.752390e+00
3.759999999999964e+00	3.762349e+00
3.769999999999964e+00	3.772308e+00
3.779999999999963e+00	3.782267e+00
3.789999999999963e+00	3.792226e+00
3.799999999999963e+00	3.802185e+00
3.809999999999963e+00	3.812143e+00
3.819999999999963e+00	3.822102e+00
3.829999999999962e+00	3.832061e+00
3.839999999999962e+00	3.842019e+00
3.849999999999962e+00	3.851977e+00
3.859999999999962e+00	3.861935e+00
3.869999999999961e+00	3.871893e+00
3.879999999999961e+00	3.881851e+00
3.889999999999961e+00	3.891809e+00
3.899999999999961e+00	3.901767e+00
3.909999999999961e+00	3.911725e+00
3.919999999999960e+00	3.921682e+00
3.929999999999960e+00	3.931640e+00
3.939999999999960e+00	3.941597e+00
3.949999999999960e+00	3.951554e+00
3.959999999999960e+00	3.961511e+00
3.969999999999959e+00	3.971468e+00
3.979999999999959e+00	3.981425e+00
3.989999999999959e+00	3.991382e+00
3.999999999999959e+00	4.001338e+00
4.009999999999959e+00	4.011295e+00
4.019999999999959e+00	4.021252e+00
4.029999999999959e+00	4.031208e+00
4.039999999999958e+00	4.041164e+00
4.049999999999958e+00	4.051120e+00
4.059999999999958e+00	4.061076e+00
4.069999999999958e+00	4.071032e+00
4.079999999999957e+00	4.080987e+00
4.089999999999957e+00	4.090943e+00
4.099999999999957e+00	4.100899e+00
4.109999999999957e+00	4.110854e+00
4.119999999999957e+00	4.120809e+00
4.129999999999956e+00	4.130764e+00
4.139999999999956e+00	4.140719e+00
4.149999999999956e+00	4.150674e+00
4.159999999999956e+00	4.160629e+00
4.169999999999956e+00	4.170583e+00
4.179999999999955e+00	4.180538e+00
4.189999999999955e+00	4.190492e+00
4.199999999999955e+00	4.200447e+00
4.209999999999955e+00	4.210401e+00
4.219999999999954e+00	4.220355e+00
4.229999999999954e+00	4.230308e+00
4.239999999999954e+00	4.240262e+00
4.249999999999954e+00	4.250216e+00
4.259999999999954e+00	4.260169e+00
4.269999999999953e+00	4.270122e+00
4.279999999999953e+00	4.280075e+00
4.289999999999953e+00	4.290028e+00
4.299999999999953e+00	4.299981e+00
4.309999999999953e+00	4.309934e+00
4.319999999999952e+00	4.319886e+00
4.329999999999952e+00	4.329838e+00
4.339999999999952e+00	4.339790e+00
4.349999999999952e+00	4.349742e+00
4.359999999999951e+00	4.359694e+00
4.369999999999951e+00	4.369646e+00
4.379999999999951e+00	4.379598e+00
4.389999999999951e+00	4.389549e+00
4.399999999999951e+00	4.399500e+00
4.409999999999950e+00	4.409451e+00
4.419999999999950e+00	4.419403e+00
4.429999999999950e+00	4.429353e+00
4.439999999999950e+00	4.439304e+00
4.449999999999950e+00	4.449254e+00
4.459999999999949e+00	4.459204e+00
4.469999999999949e+00	4.469154e+00
4.479999999999949e+00	4.479105e+00
4.489999999999949e+00	4.489054e+00
4.499999999999948e+00	4.499003e+00
4.509999999999948e+00	4.508953e+00
4.519999999999948e+00	4.518902e+00
4.529999999999948e+00	4.528851e+00
4.539999999999948e+00	4.538800e+00
4.549999999999947e+00	4.548748e+00
4.559999999999947e+00	4.558697e+00
4.569999999999947e+00	4.568645e+00
4.579999999999947e+00	4.578593e+00
4.589999999999947e+00	4.588541e+00
4.599999999999946e+00	4.598488e+00
4.609999999999946e+00	4.608436e+00
4.619999999999946e+00	4.618383e+00
4.629999999999946e+00	4.628330e+00
4.639999999999946e+00	4.638277e+00
4.649999999999945e+00	4.648223e+00
4.659999999999945e+00	4.658169e+00
4.669999999999945e+00	4.668115e+00
4.679999999999945e+00	4.678061e+00
4.689999999999944e+00	4.688006e+00
4.699999999999944e+00	4.697951e+00
4.709999999999944e+00	4.707896e+00
4.719999999999944e+00	4.717841e+00
4.729999999999944e+00	4.727785e+00
4.739999999999943e+00	4.737728e+00
4.749999999999943e+00	4.747671e+00
4.759999999999943e+00	4.757613e+00
4.769999999999943e+00	4.767553e+00
4.779999999999943e+00	4.777492e+00
4.789999999999942e+00	4.787429e+00
4.799999999999942e+00	4.797362e+00
4.809999999999942e+00	4.807291e+00
4.819999999999942e+00	4.817214e+00
4.829999999999941e+00	4.827127e+00
4.839999999999941e+00	4.837026e+00
4.849999999999941e+00	4.846905e+00
4.859999999999941e+00	4.856756e+00
4.869999999999941e+00	4.866566e+00
4.879999999999940e+00	4.876316e+00
4.889999999999940e+00	4.885983e+00
4.899999999999940e+00	4.895532e+00
4.909999999999940e+00	4.904919e+00
4.919999999999940e+00	4.914088e+00
4.929999999999939e+00	4.922971e+00
4.939999999999939e+00	4.931493e+00
4.949999999999939e+00	4.939579e+00
4.959999999999939e+00	4.947161e+00
4.969999999999938e+00	4.954182e+00
4.979999999999938e+00	4.960607e+00
4.989999999999938e+00	4.966423e+00
5.000000000000000e+00	4.971633e+00
