v1	V(vout)
0.000000000000000e+00	2.499356e-01
1.000000000000000e-02	2.499794e-01
2.000000000000000e-02	2.500451e-01
3.000000000000000e-02	2.501205e-01
4.000000000000000e-02	2.502141e-01
5.000000000000000e-02	2.503306e-01
6.000000000000000e-02	2.504755e-01
7.000000000000001e-02	2.506559e-01
8.000000000000000e-02	2.508805e-01
9.000000000000000e-02	2.511600e-01
9.999999999999999e-02	2.515078e-01
1.100000000000000e-01	2.519400e-01
1.200000000000000e-01	2.524767e-01
1.300000000000000e-01	2.531418e-01
1.400000000000000e-01	2.539642e-01
1.500000000000000e-01	2.549779e-01
1.600000000000000e-01	2.562222e-01
1.700000000000000e-01	2.577423e-01
1.800000000000000e-01	2.595875e-01
1.900000000000000e-01	2.618111e-01
2.000000000000000e-01	2.644671e-01
2.100000000000000e-01	2.676078e-01
2.200000000000001e-01	2.712798e-01
2.300000000000001e-01	2.755197e-01
2.400000000000001e-01	2.803510e-01
2.500000000000001e-01	2.857808e-01
2.600000000000001e-01	2.917997e-01
2.700000000000001e-01	2.983819e-01
2.800000000000001e-01	3.054884e-01
2.900000000000001e-01	3.130707e-01
3.000000000000001e-01	3.210743e-01
3.100000000000001e-01	3.294436e-01
3.200000000000001e-01	3.381242e-01
3.300000000000001e-01	3.470654e-01
3.400000000000001e-01	3.562220e-01
3.500000000000001e-01	3.655542e-01
3.600000000000002e-01	3.750281e-01
3.700000000000002e-01	3.846153e-01
3.800000000000002e-01	3.942924e-01
3.900000000000002e-01	4.040399e-01
4.000000000000002e-01	4.138421e-01
4.100000000000002e-01	4.236863e-01
4.200000000000002e-01	4.335620e-01
4.300000000000002e-01	4.434607e-01
4.400000000000002e-01	4.533754e-01
4.500000000000002e-01	4.633003e-01
4.600000000000002e-01	4.732305e-01
4.700000000000003e-01	4.831619e-01
4.800000000000003e-01	4.930912e-01
4.900000000000003e-01	5.030158e-01
5.000000000000002e-01	5.129337e-01
5.100000000000002e-01	5.228441e-01
5.200000000000002e-01	5.327471e-01
5.300000000000002e-01	5.426439e-01
5.400000000000003e-01	5.525367e-01
5.500000000000003e-01	5.624287e-01
5.600000000000003e-01	5.723233e-01
5.700000000000003e-01	5.822242e-01
5.800000000000003e-01	5.921350e-01
5.900000000000003e-01	6.020582e-01
6.000000000000003e-01	6.119960e-01
6.100000000000003e-01	6.219493e-01
6.200000000000003e-01	6.319181e-01
6.300000000000003e-01	6.419022e-01
6.400000000000003e-01	6.519004e-01
6.500000000000004e-01	6.619112e-01
6.600000000000004e-01	6.719332e-01
6.700000000000004e-01	6.819646e-01
6.800000000000004e-01	6.920040e-01
6.900000000000004e-01	7.020499e-01
7.000000000000004e-01	7.121009e-01
7.100000000000004e-01	7.221559e-01
7.200000000000004e-01	7.322137e-01
7.300000000000004e-01	7.422736e-01
7.400000000000004e-01	7.523348e-01
7.500000000000004e-01	7.623965e-01
7.600000000000005e-01	7.724583e-01
7.700000000000005e-01	7.825196e-01
7.800000000000005e-01	7.925802e-01
7.900000000000005e-01	8.026397e-01
8.000000000000005e-01	8.126977e-01
8.100000000000005e-01	8.227541e-01
8.200000000000005e-01	8.328089e-01
8.300000000000005e-01	8.428615e-01
8.400000000000005e-01	8.529122e-01
8.500000000000005e-01	8.629608e-01
8.600000000000005e-01	8.730071e-01
8.700000000000006e-01	8.830510e-01
8.800000000000006e-01	8.930928e-01
8.900000000000006e-01	9.031321e-01
9.000000000000006e-01	9.131691e-01
9.100000000000006e-01	9.232036e-01
9.200000000000006e-01	9.332358e-01
9.300000000000006e-01	9.432656e-01
9.400000000000006e-01	9.532930e-01
9.500000000000006e-01	9.633180e-01
9.600000000000006e-01	9.733407e-01
9.700000000000006e-01	9.833609e-01
9.800000000000006e-01	9.933789e-01
9.900000000000007e-01	1.003394e+00
1.000000000000001e+00	1.013408e+00
1.010000000000001e+00	1.023419e+00
1.020000000000001e+00	1.033428e+00
1.030000000000001e+00	1.043434e+00
1.040000000000001e+00	1.053438e+00
1.050000000000001e+00	1.063440e+00
1.060000000000001e+00	1.073440e+00
1.070000000000001e+00	1.083438e+00
1.080000000000001e+00	1.093434e+00
1.090000000000001e+00	1.103427e+00
1.100000000000001e+00	1.113418e+00
1.110000000000001e+00	1.123408e+00
1.120000000000001e+00	1.133395e+00
1.130000000000001e+00	1.143381e+00
1.140000000000001e+00	1.153364e+00
1.150000000000001e+00	1.163345e+00
1.160000000000001e+00	1.173325e+00
1.170000000000001e+00	1.183303e+00
1.180000000000001e+00	1.193279e+00
1.190000000000001e+00	1.203254e+00
1.200000000000001e+00	1.213227e+00
1.210000000000001e+00	1.223199e+00
1.220000000000001e+00	1.233169e+00
1.230000000000001e+00	1.243138e+00
1.240000000000001e+00	1.253105e+00
1.250000000000001e+00	1.263072e+00
1.260000000000001e+00	1.273037e+00
1.270000000000001e+00	1.283002e+00
1.280000000000001e+00	1.292965e+00
1.290000000000001e+00	1.302928e+00
1.300000000000001e+00	1.312890e+00
1.310000000000001e+00	1.322852e+00
1.320000000000001e+00	1.332813e+00
1.330000000000001e+00	1.342773e+00
1.340000000000001e+00	1.352734e+00
1.350000000000001e+00	1.362694e+00
1.360000000000001e+00	1.372653e+00
1.370000000000001e+00	1.382613e+00
1.380000000000001e+00	1.392573e+00
1.390000000000001e+00	1.402532e+00
1.400000000000001e+00	1.412492e+00
1.410000000000001e+00	1.422451e+00
1.420000000000001e+00	1.432410e+00
1.430000000000001e+00	1.442369e+00
1.440000000000001e+00	1.452329e+00
1.450000000000001e+00	1.462288e+00
1.460000000000001e+00	1.472247e+00
1.470000000000001e+00	1.482206e+00
1.480000000000001e+00	1.492165e+00
1.490000000000001e+00	1.502124e+00
1.500000000000001e+00	1.512083e+00
1.510000000000001e+00	1.522042e+00
1.520000000000001e+00	1.532001e+00
1.530000000000001e+00	1.541960e+00
1.540000000000001e+00	1.551918e+00
1.550000000000001e+00	1.561877e+00
1.560000000000001e+00	1.571836e+00
1.570000000000001e+00	1.581795e+00
1.580000000000001e+00	1.591753e+00
1.590000000000001e+00	1.601712e+00
1.600000000000001e+00	1.611670e+00
1.610000000000001e+00	1.621629e+00
1.620000000000001e+00	1.631587e+00
1.630000000000001e+00	1.641545e+00
1.640000000000001e+00	1.651504e+00
1.650000000000001e+00	1.661462e+00
1.660000000000001e+00	1.671420e+00
1.670000000000001e+00	1.681378e+00
1.680000000000001e+00	1.691337e+00
1.690000000000001e+00	1.701295e+00
1.700000000000001e+00	1.711253e+00
1.710000000000001e+00	1.721210e+00
1.720000000000001e+00	1.731168e+00
1.730000000000001e+00	1.741126e+00
1.740000000000001e+00	1.751084e+00
1.750000000000001e+00	1.761042e+00
1.760000000000001e+00	1.770999e+00
1.770000000000001e+00	1.780957e+00
1.780000000000001e+00	1.790915e+00
1.790000000000001e+00	1.800872e+00
1.800000000000001e+00	1.810829e+00
1.810000000000001e+00	1.820787e+00
1.820000000000001e+00	1.830744e+00
1.830000000000001e+00	1.840701e+00
1.840000000000001e+00	1.850658e+00
1.850000000000001e+00	1.860615e+00
1.860000000000001e+00	1.870572e+00
1.870000000000001e+00	1.880529e+00
1.880000000000001e+00	1.890486e+00
1.890000000000001e+00	1.900443e+00
1.900000000000001e+00	1.910400e+00
1.910000000000001e+00	1.920357e+00
1.920000000000001e+00	1.930313e+00
1.930000000000001e+00	1.940270e+00
1.940000000000002e+00	1.950226e+00
1.950000000000002e+00	1.960183e+00
1.960000000000002e+00	1.970139e+00
1.970000000000002e+00	1.980095e+00
1.980000000000002e+00	1.990051e+00
1.990000000000002e+00	2.000007e+00
2.000000000000001e+00	2.009964e+00
2.010000000000001e+00	2.019919e+00
2.020000000000001e+00	2.029875e+00
2.030000000000001e+00	2.039831e+00
2.040000000000000e+00	2.049787e+00
2.050000000000000e+00	2.059742e+00
2.060000000000000e+00	2.069698e+00
2.070000000000000e+00	2.079654e+00
2.080000000000000e+00	2.089609e+00
2.089999999999999e+00	2.099564e+00
2.099999999999999e+00	2.109519e+00
2.109999999999999e+00	2.119475e+00
2.119999999999999e+00	2.129430e+00
2.129999999999999e+00	2.139385e+00
2.139999999999998e+00	2.149340e+00
2.149999999999998e+00	2.159294e+00
2.159999999999998e+00	2.169249e+00
2.169999999999998e+00	2.179204e+00
2.179999999999997e+00	2.189158e+00
2.189999999999997e+00	2.199113e+00
2.199999999999997e+00	2.209067e+00
2.209999999999997e+00	2.219022e+00
2.219999999999997e+00	2.228976e+00
2.229999999999996e+00	2.238930e+00
2.239999999999996e+00	2.248884e+00
2.249999999999996e+00	2.258838e+00
2.259999999999996e+00	2.268792e+00
2.269999999999996e+00	2.278745e+00
2.279999999999995e+00	2.288699e+00
2.289999999999995e+00	2.298653e+00
2.299999999999995e+00	2.308606e+00
2.309999999999995e+00	2.318559e+00
2.319999999999995e+00	2.328513e+00
2.329999999999994e+00	2.338466e+00
2.339999999999994e+00	2.348419e+00
2.349999999999994e+00	2.358372e+00
2.359999999999994e+00	2.368325e+00
2.369999999999993e+00	2.378278e+00
2.379999999999993e+00	2.388230e+00
2.389999999999993e+00	2.398183e+00
2.399999999999993e+00	2.408135e+00
2.409999999999993e+00	2.418088e+00
2.419999999999992e+00	2.428040e+00
2.429999999999992e+00	2.437992e+00
2.439999999999992e+00	2.447944e+00
2.449999999999992e+00	2.457896e+00
2.459999999999992e+00	2.467848e+00
2.469999999999991e+00	2.477800e+00
2.479999999999991e+00	2.487751e+00
2.489999999999991e+00	2.497703e+00
2.499999999999991e+00	2.507654e+00
2.509999999999990e+00	2.517606e+00
2.519999999999990e+00	2.527557e+00
2.529999999999990e+00	2.537508e+00
2.539999999999990e+00	2.547459e+00
2.549999999999990e+00	2.557410e+00
2.559999999999989e+00	2.567361e+00
2.569999999999989e+00	2.577311e+00
2.579999999999989e+00	2.587262e+00
2.589999999999989e+00	2.597212e+00
2.599999999999989e+00	2.607163e+00
2.609999999999988e+00	2.617113e+00
2.619999999999988e+00	2.627063e+00
2.629999999999988e+00	2.637013e+00
2.639999999999988e+00	2.646963e+00
2.649999999999987e+00	2.656913e+00
2.659999999999987e+00	2.666862e+00
2.669999999999987e+00	2.676812e+00
2.679999999999987e+00	2.686761e+00
2.689999999999987e+00	2.696710e+00
2.699999999999986e+00	2.706659e+00
2.709999999999986e+00	2.716608e+00
2.719999999999986e+00	2.726557e+00
2.729999999999986e+00	2.736506e+00
2.739999999999986e+00	2.746455e+00
2.749999999999985e+00	2.756403e+00
2.759999999999985e+00	2.766352e+00
2.769999999999985e+00	2.776300e+00
2.779999999999985e+00	2.786248e+00
2.789999999999984e+00	2.796196e+00
2.799999999999984e+00	2.806144e+00
2.809999999999984e+00	2.816092e+00
2.819999999999984e+00	2.826039e+00
2.829999999999984e+00	2.835987e+00
2.839999999999983e+00	2.845934e+00
2.849999999999983e+00	2.855881e+00
2.859999999999983e+00	2.865829e+00
2.869999999999983e+00	2.875776e+00
2.879999999999983e+00	2.885722e+00
2.889999999999982e+00	2.895669e+00
2.899999999999982e+00	2.905616e+00
2.909999999999982e+00	2.915562e+00
2.919999999999982e+00	2.925508e+00
2.929999999999982e+00	2.935455e+00
2.939999999999981e+00	2.945401e+00
2.949999999999981e+00	2.955347e+00
2.959999999999981e+00	2.965292e+00
2.969999999999981e+00	2.975238e+00
2.979999999999980e+00	2.985183e+00
2.989999999999980e+00	2.995129e+00
2.999999999999980e+00	3.005074e+00
3.009999999999980e+00	3.015019e+00
3.019999999999980e+00	3.024964e+00
3.029999999999979e+00	3.034909e+00
3.039999999999979e+00	3.044853e+00
3.049999999999979e+00	3.054798e+00
3.059999999999979e+00	3.064742e+00
3.069999999999979e+00	3.074686e+00
3.079999999999978e+00	3.084630e+00
3.089999999999978e+00	3.094574e+00
3.099999999999978e+00	3.104518e+00
3.109999999999978e+00	3.114461e+00
3.119999999999977e+00	3.124405e+00
3.129999999999977e+00	3.134348e+00
3.139999999999977e+00	3.144291e+00
3.149999999999977e+00	3.154234e+00
3.159999999999977e+00	3.164177e+00
3.169999999999976e+00	3.174120e+00
3.179999999999976e+00	3.184062e+00
3.189999999999976e+00	3.194005e+00
3.199999999999976e+00	3.203947e+00
3.209999999999976e+00	3.213889e+00
3.219999999999975e+00	3.223830e+00
3.229999999999975e+00	3.233772e+00
3.239999999999975e+00	3.243714e+00
3.249999999999975e+00	3.253655e+00
3.259999999999974e+00	3.263596e+00
3.269999999999974e+00	3.273537e+00
3.279999999999974e+00	3.283478e+00
3.289999999999974e+00	3.293419e+00
3.299999999999974e+00	3.303360e+00
3.309999999999973e+00	3.313300e+00
3.319999999999973e+00	3.323240e+00
3.329999999999973e+00	3.333180e+00
3.339999999999973e+00	3.343120e+00
3.349999999999973e+00	3.353060e+00
3.359999999999972e+00	3.362999e+00
3.369999999999972e+00	3.372938e+00
3.379999999999972e+00	3.382877e+00
3.389999999999972e+00	3.392816e+00
3.399999999999971e+00	3.402755e+00
3.409999999999971e+00	3.412694e+00
3.419999999999971e+00	3.422632e+00
3.429999999999971e+00	3.432570e+00
3.439999999999971e+00	3.442508e+00
3.449999999999970e+00	3.452446e+00
3.459999999999970e+00	3.462384e+00
3.469999999999970e+00	3.472322e+00
3.479999999999970e+00	3.482259e+00
3.489999999999970e+00	3.492196e+00
3.499999999999969e+00	3.502133e+00
3.509999999999969e+00	3.512070e+00
3.519999999999969e+00	3.522006e+00
3.529999999999969e+00	3.531943e+00
3.539999999999969e+00	3.541879e+00
3.549999999999968e+00	3.551815e+00
3.559999999999968e+00	3.561750e+00
3.569999999999968e+00	3.571686e+00
3.579999999999968e+00	3.581621e+00
3.589999999999967e+00	3.591557e+00
3.599999999999967e+00	3.601491e+00
3.609999999999967e+00	3.611426e+00
3.619999999999967e+00	3.621361e+00
3.629999999999967e+00	3.631295e+00
3.639999999999966e+00	3.641229e+00
3.649999999999966e+00	3.651163e+00
3.659999999999966e+00	3.661097e+00
3.669999999999966e+00	3.671030e+00
3.679999999999966e+00	3.680964e+00
3.689999999999965e+00	3.690897e+00
3.699999999999965e+00	3.700829e+00
3.709999999999965e+00	3.710762e+00
3.719999999999965e+00	3.720694e+00
3.729999999999964e+00	3.730626e+00
3.739999999999964e+00	3.740558e+00
3.749999999999964e+00	3.750490e+00
3.759999999999964e+00	3.760422e+00
3.769999999999964e+00	3.770353e+00
3.779999999999963e+00	3.780284e+00
3.789999999999963e+00	3.790215e+00
3.799999999999963e+00	3.800145e+00
3.809999999999963e+00	3.810075e+00
3.819999999999963e+00	3.820005e+00
3.829999999999962e+00	3.829935e+00
3.839999999999962e+00	3.839865e+00
3.849999999999962e+00	3.849794e+00
3.859999999999962e+00	3.859723e+00
3.869999999999961e+00	3.869652e+00
3.879999999999961e+00	3.879580e+00
3.889999999999961e+00	3.889509e+00
3.899999999999961e+00	3.899437e+00
3.909999999999961e+00	3.909365e+00
3.919999999999960e+00	3.919292e+00
3.929999999999960e+00	3.929219e+00
3.939999999999960e+00	3.939147e+00
3.949999999999960e+00	3.949073e+00
3.959999999999960e+00	3.959000e+00
3.969999999999959e+00	3.968926e+00
3.979999999999959e+00	3.978852e+00
3.989999999999959e+00	3.988777e+00
3.999999999999959e+00	3.998703e+00
4.009999999999959e+00	4.008628e+00
4.019999999999959e+00	4.018553e+00
4.029999999999959e+00	4.028477e+00
4.039999999999958e+00	4.038401e+00
4.049999999999958e+00	4.048325e+00
4.059999999999958e+00	4.058249e+00
4.069999999999958e+00	4.068172e+00
4.079999999999957e+00	4.078095e+00
4.089999999999957e+00	4.088018e+00
4.099999999999957e+00	4.097940e+00
4.109999999999957e+00	4.107862e+00
4.119999999999957e+00	4.117784e+00
4.129999999999956e+00	4.127706e+00
4.139999999999956e+00	4.137627e+00
4.149999999999956e+00	4.147547e+00
4.159999999999956e+00	4.157468e+00
4.169999999999956e+00	4.167388e+00
4.179999999999955e+00	4.177308e+00
4.189999999999955e+00	4.187227e+00
4.199999999999955e+00	4.197146e+00
4.209999999999955e+00	4.207065e+00
4.219999999999954e+00	4.216984e+00
4.229999999999954e+00	4.226902e+00
4.239999999999954e+00	4.236820e+00
4.249999999999954e+00	4.246737e+00
4.259999999999954e+00	4.256654e+00
4.269999999999953e+00	4.266571e+00
4.279999999999953e+00	4.276487e+00
4.289999999999953e+00	4.286403e+00
4.299999999999953e+00	4.296318e+00
4.309999999999953e+00	4.306233e+00
4.319999999999952e+00	4.316148e+00
4.329999999999952e+00	4.326062e+00
4.339999999999952e+00	4.335976e+00
4.349999999999952e+00	4.345890e+00
4.359999999999951e+00	4.355803e+00
4.369999999999951e+00	4.365716e+00
4.379999999999951e+00	4.375628e+00
4.389999999999951e+00	4.385539e+00
4.399999999999951e+00	4.395450e+00
4.409999999999950e+00	4.405361e+00
4.419999999999950e+00	4.415270e+00
4.429999999999950e+00	4.425179e+00
4.439999999999950e+00	4.435088e+00
4.449999999999950e+00	4.444995e+00
4.459999999999949e+00	4.454901e+00
4.469999999999949e+00	4.464806e+00
4.479999999999949e+00	4.474707e+00
4.489999999999949e+00	4.484605e+00
4.499999999999948e+00	4.494499e+00
4.509999999999948e+00	4.504385e+00
4.519999999999948e+00	4.514260e+00
4.529999999999948e+00	4.524122e+00
4.539999999999948e+00	4.533964e+00
4.549999999999947e+00	4.543782e+00
4.559999999999947e+00	4.553568e+00
4.569999999999947e+00	4.563314e+00
4.579999999999947e+00	4.573011e+00
4.589999999999947e+00	4.582651e+00
4.599999999999946e+00	4.592222e+00
4.609999999999946e+00	4.601718e+00
4.619999999999946e+00	4.611131e+00
4.629999999999946e+00	4.620453e+00
4.639999999999946e+00	4.629678e+00
4.649999999999945e+00	4.638801e+00
4.659999999999945e+00	4.647814e+00
4.669999999999945e+00	4.656713e+00
4.679999999999945e+00	4.665493e+00
4.689999999999944e+00	4.674150e+00
4.699999999999944e+00	4.682681e+00
4.709999999999944e+00	4.691083e+00
4.719999999999944e+00	4.699356e+00
4.729999999999944e+00	4.707498e+00
4.739999999999943e+00	4.715508e+00
4.749999999999943e+00	4.723387e+00
4.759999999999943e+00	4.731134e+00
4.769999999999943e+00	4.738750e+00
4.779999999999943e+00	4.746236e+00
4.789999999999942e+00	4.753592e+00
4.799999999999942e+00	4.760820e+00
4.809999999999942e+00	4.767920e+00
4.819999999999942e+00	4.774894e+00
4.829999999999941e+00	4.781743e+00
4.839999999999941e+00	4.788468e+00
4.849999999999941e+00	4.795072e+00
4.859999999999941e+00	4.801556e+00
4.869999999999941e+00	4.807920e+00
4.879999999999940e+00	4.814167e+00
4.889999999999940e+00	4.820299e+00
4.899999999999940e+00	4.826317e+00
4.909999999999940e+00	4.832222e+00
4.919999999999940e+00	4.838017e+00
4.929999999999939e+00	4.843701e+00
4.939999999999939e+00	4.849278e+00
4.949999999999939e+00	4.854750e+00
4.959999999999939e+00	4.860116e+00
4.969999999999938e+00	4.865378e+00
4.979999999999938e+00	4.870539e+00
4.989999999999938e+00	4.875598e+00
5.000000000000000e+00	4.880558e+00
