vout	I(Iout)
0.000000000000000e+00	1.737261e-04
1.000000000000000e-02	1.725249e-04
2.000000000000000e-02	1.713190e-04
3.000000000000000e-02	1.701080e-04
4.000000000000000e-02	1.688917e-04
5.000000000000000e-02	1.676699e-04
6.000000000000000e-02	1.664424e-04
7.000000000000001e-02	1.652089e-04
8.000000000000000e-02	1.639692e-04
9.000000000000000e-02	1.627229e-04
9.999999999999999e-02	1.614698e-04
1.100000000000000e-01	1.602095e-04
1.200000000000000e-01	1.589416e-04
1.300000000000000e-01	1.576659e-04
1.400000000000000e-01	1.563820e-04
1.500000000000000e-01	1.550893e-04
1.600000000000000e-01	1.537876e-04
1.700000000000000e-01	1.524762e-04
1.800000000000000e-01	1.511548e-04
1.900000000000000e-01	1.498227e-04
2.000000000000000e-01	1.484795e-04
2.100000000000000e-01	1.471245e-04
2.200000000000001e-01	1.457571e-04
2.300000000000001e-01	1.443765e-04
2.400000000000001e-01	1.429822e-04
2.500000000000001e-01	1.415732e-04
2.600000000000001e-01	1.401490e-04
2.700000000000001e-01	1.387086e-04
2.800000000000001e-01	1.372515e-04
2.900000000000001e-01	1.357770e-04
3.000000000000001e-01	1.342846e-04
3.100000000000001e-01	1.327745e-04
3.200000000000001e-01	1.312471e-04
3.300000000000001e-01	1.297038e-04
3.400000000000001e-01	1.281469e-04
3.500000000000001e-01	1.265793e-04
3.600000000000002e-01	1.250041e-04
3.700000000000002e-01	1.234246e-04
3.800000000000002e-01	1.218435e-04
3.900000000000002e-01	1.202632e-04
4.000000000000002e-01	1.186854e-04
4.100000000000002e-01	1.171117e-04
4.200000000000002e-01	1.155431e-04
4.300000000000002e-01	1.139807e-04
4.400000000000002e-01	1.124250e-04
4.500000000000002e-01	1.108765e-04
4.600000000000002e-01	1.093357e-04
4.700000000000003e-01	1.078028e-04
4.800000000000003e-01	1.062779e-04
4.900000000000003e-01	1.047614e-04
5.000000000000002e-01	1.032533e-04
5.100000000000002e-01	1.017538e-04
5.200000000000002e-01	1.002630e-04
5.300000000000002e-01	9.878106e-05
5.400000000000003e-01	9.730799e-05
5.500000000000003e-01	9.584392e-05
5.600000000000003e-01	9.438894e-05
5.700000000000003e-01	9.294313e-05
5.800000000000003e-01	9.150655e-05
5.900000000000003e-01	9.007930e-05
6.000000000000003e-01	8.866143e-05
6.100000000000003e-01	8.725301e-05
6.200000000000003e-01	8.585410e-05
6.300000000000003e-01	8.446477e-05
6.400000000000003e-01	8.308507e-05
6.500000000000004e-01	8.171507e-05
6.600000000000004e-01	8.035482e-05
6.700000000000004e-01	7.900439e-05
6.800000000000004e-01	7.766381e-05
6.900000000000004e-01	7.633315e-05
7.000000000000004e-01	7.501246e-05
7.100000000000004e-01	7.370179e-05
7.200000000000004e-01	7.240120e-05
7.300000000000004e-01	7.111074e-05
7.400000000000004e-01	6.983044e-05
7.500000000000004e-01	6.856037e-05
7.600000000000005e-01	6.730057e-05
7.700000000000005e-01	6.605109e-05
7.800000000000005e-01	6.481199e-05
7.900000000000005e-01	6.358330e-05
8.000000000000005e-01	6.236507e-05
8.100000000000005e-01	6.115736e-05
8.200000000000005e-01	5.996020e-05
8.300000000000005e-01	5.877365e-05
8.400000000000005e-01	5.759775e-05
8.500000000000005e-01	5.643255e-05
8.600000000000005e-01	5.527808e-05
8.700000000000006e-01	5.413440e-05
8.800000000000006e-01	5.300156e-05
8.900000000000006e-01	5.187959e-05
9.000000000000006e-01	5.076854e-05
9.100000000000006e-01	4.966846e-05
9.200000000000006e-01	4.857939e-05
9.300000000000006e-01	4.750137e-05
9.400000000000006e-01	4.643444e-05
9.500000000000006e-01	4.537867e-05
9.600000000000006e-01	4.433407e-05
9.700000000000006e-01	4.330070e-05
9.800000000000006e-01	4.227861e-05
9.900000000000007e-01	4.126782e-05
1.000000000000001e+00	4.026840e-05
1.010000000000001e+00	3.928037e-05
1.020000000000001e+00	3.830379e-05
1.030000000000001e+00	3.733869e-05
1.040000000000001e+00	3.638512e-05
1.050000000000001e+00	3.544312e-05
1.060000000000001e+00	3.451273e-05
1.070000000000001e+00	3.359400e-05
1.080000000000001e+00	3.268696e-05
1.090000000000001e+00	3.179165e-05
1.100000000000001e+00	3.090813e-05
1.110000000000001e+00	3.003642e-05
1.120000000000001e+00	2.917657e-05
1.130000000000001e+00	2.832863e-05
1.140000000000001e+00	2.749263e-05
1.150000000000001e+00	2.666861e-05
1.160000000000001e+00	2.585661e-05
1.170000000000001e+00	2.505668e-05
1.180000000000001e+00	2.426885e-05
1.190000000000001e+00	2.349317e-05
1.200000000000001e+00	2.272967e-05
1.210000000000001e+00	2.197839e-05
1.220000000000001e+00	2.123937e-05
1.230000000000001e+00	2.051266e-05
1.240000000000001e+00	1.979829e-05
1.250000000000001e+00	1.909629e-05
1.260000000000001e+00	1.840672e-05
1.270000000000001e+00	1.772960e-05
1.280000000000001e+00	1.706497e-05
1.290000000000001e+00	1.641287e-05
1.300000000000001e+00	1.577334e-05
1.310000000000001e+00	1.514641e-05
1.320000000000001e+00	1.453212e-05
1.330000000000001e+00	1.393051e-05
1.340000000000001e+00	1.334161e-05
1.350000000000001e+00	1.276545e-05
1.360000000000001e+00	1.220207e-05
1.370000000000001e+00	1.165150e-05
1.380000000000001e+00	1.111377e-05
1.390000000000001e+00	1.058891e-05
1.400000000000001e+00	1.007695e-05
1.410000000000001e+00	9.577931e-06
1.420000000000001e+00	9.091867e-06
1.430000000000001e+00	8.618788e-06
1.440000000000001e+00	8.158719e-06
1.450000000000001e+00	7.711681e-06
1.460000000000001e+00	7.277697e-06
1.470000000000001e+00	6.856785e-06
1.480000000000001e+00	6.448962e-06
1.490000000000001e+00	6.054242e-06
1.500000000000001e+00	5.672637e-06
1.510000000000001e+00	5.304156e-06
1.520000000000001e+00	4.948803e-06
1.530000000000001e+00	4.606581e-06
1.540000000000001e+00	4.277486e-06
1.550000000000001e+00	3.961514e-06
1.560000000000001e+00	3.658651e-06
1.570000000000001e+00	3.368880e-06
1.580000000000001e+00	3.092179e-06
1.590000000000001e+00	2.828518e-06
1.600000000000001e+00	2.577859e-06
1.610000000000001e+00	2.340156e-06
1.620000000000001e+00	2.115353e-06
1.630000000000001e+00	1.903383e-06
1.640000000000001e+00	1.704169e-06
1.650000000000001e+00	1.517618e-06
1.660000000000001e+00	1.343619e-06
1.670000000000001e+00	1.182047e-06
1.680000000000001e+00	1.032752e-06
1.690000000000001e+00	8.955617e-07
1.700000000000001e+00	7.702749e-07
1.710000000000001e+00	6.566571e-07
1.720000000000001e+00	5.544349e-07
1.730000000000001e+00	4.632903e-07
1.740000000000001e+00	3.828522e-07
1.750000000000001e+00	3.126889e-07
1.760000000000001e+00	2.522983e-07
1.770000000000001e+00	2.010996e-07
1.780000000000001e+00	1.584268e-07
1.790000000000001e+00	1.235260e-07
1.800000000000001e+00	9.556483e-08
1.810000000000001e+00	7.366265e-08
1.820000000000001e+00	5.688678e-08
1.830000000000001e+00	4.431013e-08
1.840000000000001e+00	3.506327e-08
1.850000000000001e+00	2.837621e-08
1.860000000000001e+00	2.360435e-08
1.870000000000001e+00	2.023313e-08
1.880000000000001e+00	1.786718e-08
1.890000000000001e+00	1.621211e-08
1.900000000000001e+00	1.505415e-08
1.910000000000001e+00	1.424098e-08
1.920000000000001e+00	1.366561e-08
1.930000000000001e+00	1.325357e-08
1.940000000000002e+00	1.295343e-08
1.950000000000002e+00	1.272983e-08
1.960000000000002e+00	1.255853e-08
1.970000000000002e+00	1.242297e-08
1.980000000000002e+00	1.231181e-08
1.990000000000002e+00	1.221736e-08
2.000000000000001e+00	1.213435e-08
2.010000000000001e+00	1.205918e-08
2.020000000000001e+00	1.198943e-08
2.030000000000001e+00	1.192342e-08
2.040000000000000e+00	1.186002e-08
2.050000000000000e+00	1.179845e-08
2.060000000000000e+00	1.173818e-08
2.070000000000000e+00	1.167887e-08
2.080000000000000e+00	1.162025e-08
2.089999999999999e+00	1.156217e-08
2.099999999999999e+00	1.150451e-08
2.109999999999999e+00	1.144720e-08
2.119999999999999e+00	1.139017e-08
2.129999999999999e+00	1.133336e-08
2.139999999999998e+00	1.127674e-08
2.149999999999998e+00	1.122028e-08
2.159999999999998e+00	1.116397e-08
2.169999999999998e+00	1.110781e-08
2.179999999999997e+00	1.105178e-08
2.189999999999997e+00	1.099588e-08
2.199999999999997e+00	1.094011e-08
2.209999999999997e+00	1.088446e-08
2.219999999999997e+00	1.082894e-08
2.229999999999996e+00	1.077353e-08
2.239999999999996e+00	1.071824e-08
2.249999999999996e+00	1.066307e-08
2.259999999999996e+00	1.060800e-08
2.269999999999996e+00	1.055304e-08
2.279999999999995e+00	1.049818e-08
2.289999999999995e+00	1.044343e-08
2.299999999999995e+00	1.038878e-08
2.309999999999995e+00	1.033422e-08
2.319999999999995e+00	1.027976e-08
2.329999999999994e+00	1.022539e-08
2.339999999999994e+00	1.017112e-08
2.349999999999994e+00	1.011694e-08
2.359999999999994e+00	1.006284e-08
2.369999999999993e+00	1.000883e-08
2.379999999999993e+00	9.954900e-09
2.389999999999993e+00	9.901055e-09
2.399999999999993e+00	9.847290e-09
2.409999999999993e+00	9.793604e-09
2.419999999999992e+00	9.739995e-09
2.429999999999992e+00	9.686461e-09
2.439999999999992e+00	9.633001e-09
2.449999999999992e+00	9.579614e-09
2.459999999999992e+00	9.526297e-09
2.469999999999991e+00	9.473050e-09
2.479999999999991e+00	9.419870e-09
2.489999999999991e+00	9.366758e-09
2.499999999999991e+00	9.313710e-09
2.509999999999990e+00	9.260726e-09
2.519999999999990e+00	9.207805e-09
2.529999999999990e+00	9.154945e-09
2.539999999999990e+00	9.102146e-09
2.549999999999990e+00	9.049405e-09
2.559999999999989e+00	8.996722e-09
2.569999999999989e+00	8.944094e-09
2.579999999999989e+00	8.891523e-09
2.589999999999989e+00	8.839005e-09
2.599999999999989e+00	8.786541e-09
2.609999999999988e+00	8.734129e-09
2.619999999999988e+00	8.681767e-09
2.629999999999988e+00	8.629455e-09
2.639999999999988e+00	8.577192e-09
2.649999999999987e+00	8.524977e-09
2.659999999999987e+00	8.472809e-09
2.669999999999987e+00	8.420686e-09
2.679999999999987e+00	8.368609e-09
2.689999999999987e+00	8.316575e-09
2.699999999999986e+00	8.264584e-09
2.709999999999986e+00	8.212635e-09
2.719999999999986e+00	8.160727e-09
2.729999999999986e+00	8.108859e-09
2.739999999999986e+00	8.057031e-09
2.749999999999985e+00	8.005242e-09
2.759999999999985e+00	7.953489e-09
2.769999999999985e+00	7.901773e-09
2.779999999999985e+00	7.850094e-09
2.789999999999984e+00	7.798449e-09
2.799999999999984e+00	7.746839e-09
2.809999999999984e+00	7.695262e-09
2.819999999999984e+00	7.643718e-09
2.829999999999984e+00	7.592205e-09
2.839999999999983e+00	7.540724e-09
2.849999999999983e+00	7.489272e-09
2.859999999999983e+00	7.437850e-09
2.869999999999983e+00	7.386457e-09
2.879999999999983e+00	7.335092e-09
2.889999999999982e+00	7.283754e-09
2.899999999999982e+00	7.232443e-09
2.909999999999982e+00	7.181157e-09
2.919999999999982e+00	7.129896e-09
2.929999999999982e+00	7.078660e-09
2.939999999999981e+00	7.027447e-09
2.949999999999981e+00	6.976257e-09
2.959999999999981e+00	6.925089e-09
2.969999999999981e+00	6.873943e-09
2.979999999999980e+00	6.822818e-09
2.989999999999980e+00	6.771713e-09
2.999999999999980e+00	6.720626e-09
3.009999999999980e+00	6.669559e-09
3.019999999999980e+00	6.618510e-09
3.029999999999979e+00	6.567478e-09
3.039999999999979e+00	6.516462e-09
3.049999999999979e+00	6.465463e-09
3.059999999999979e+00	6.414480e-09
3.069999999999979e+00	6.363511e-09
3.079999999999978e+00	6.312555e-09
3.089999999999978e+00	6.261613e-09
3.099999999999978e+00	6.210685e-09
3.109999999999978e+00	6.159768e-09
3.119999999999977e+00	6.108862e-09
3.129999999999977e+00	6.057968e-09
3.139999999999977e+00	6.007083e-09
3.149999999999977e+00	5.956208e-09
3.159999999999977e+00	5.905342e-09
3.169999999999976e+00	5.854484e-09
3.179999999999976e+00	5.803634e-09
3.189999999999976e+00	5.752790e-09
3.199999999999976e+00	5.701954e-09
3.209999999999976e+00	5.651122e-09
3.219999999999975e+00	5.600296e-09
3.229999999999975e+00	5.549474e-09
3.239999999999975e+00	5.498655e-09
3.249999999999975e+00	5.447840e-09
3.259999999999974e+00	5.397028e-09
3.269999999999974e+00	5.346217e-09
3.279999999999974e+00	5.295408e-09
3.289999999999974e+00	5.244599e-09
3.299999999999974e+00	5.193790e-09
3.309999999999973e+00	5.142981e-09
3.319999999999973e+00	5.092170e-09
3.329999999999973e+00	5.041357e-09
3.339999999999973e+00	4.990542e-09
3.349999999999973e+00	4.939723e-09
3.359999999999972e+00	4.888901e-09
3.369999999999972e+00	4.838074e-09
3.379999999999972e+00	4.787242e-09
3.389999999999972e+00	4.736404e-09
3.399999999999971e+00	4.685560e-09
3.409999999999971e+00	4.634709e-09
3.419999999999971e+00	4.583849e-09
3.429999999999971e+00	4.532982e-09
3.439999999999971e+00	4.482105e-09
3.449999999999970e+00	4.431219e-09
3.459999999999970e+00	4.380322e-09
3.469999999999970e+00	4.329414e-09
3.479999999999970e+00	4.278494e-09
3.489999999999970e+00	4.227563e-09
3.499999999999969e+00	4.176618e-09
3.509999999999969e+00	4.125659e-09
3.519999999999969e+00	4.074685e-09
3.529999999999969e+00	4.023697e-09
3.539999999999969e+00	3.972693e-09
3.549999999999968e+00	3.921672e-09
3.559999999999968e+00	3.870634e-09
3.569999999999968e+00	3.819578e-09
3.579999999999968e+00	3.768504e-09
3.589999999999967e+00	3.717409e-09
3.599999999999967e+00	3.666295e-09
3.609999999999967e+00	3.615160e-09
3.619999999999967e+00	3.564004e-09
3.629999999999967e+00	3.512825e-09
3.639999999999966e+00	3.461623e-09
3.649999999999966e+00	3.410398e-09
3.659999999999966e+00	3.359147e-09
3.669999999999966e+00	3.307872e-09
3.679999999999966e+00	3.256570e-09
3.689999999999965e+00	3.205241e-09
3.699999999999965e+00	3.153885e-09
3.709999999999965e+00	3.102500e-09
3.719999999999965e+00	3.051086e-09
3.729999999999964e+00	2.999641e-09
3.739999999999964e+00	2.948166e-09
3.749999999999964e+00	2.896659e-09
3.759999999999964e+00	2.845120e-09
3.769999999999964e+00	2.793547e-09
3.779999999999963e+00	2.741940e-09
3.789999999999963e+00	2.690297e-09
3.799999999999963e+00	2.638619e-09
3.809999999999963e+00	2.586904e-09
3.819999999999963e+00	2.535151e-09
3.829999999999962e+00	2.483359e-09
3.839999999999962e+00	2.431527e-09
3.849999999999962e+00	2.379655e-09
3.859999999999962e+00	2.327742e-09
3.869999999999961e+00	2.275786e-09
3.879999999999961e+00	2.223786e-09
3.889999999999961e+00	2.171743e-09
3.899999999999961e+00	2.119654e-09
3.909999999999961e+00	2.067518e-09
3.919999999999960e+00	2.015335e-09
3.929999999999960e+00	1.963104e-09
3.939999999999960e+00	1.910823e-09
3.949999999999960e+00	1.858492e-09
3.959999999999960e+00	1.806109e-09
3.969999999999959e+00	1.753674e-09
3.979999999999959e+00	1.701185e-09
3.989999999999959e+00	1.648641e-09
3.999999999999959e+00	1.596041e-09
4.009999999999959e+00	1.543384e-09
4.019999999999959e+00	1.490669e-09
4.029999999999959e+00	1.437894e-09
4.039999999999958e+00	1.385059e-09
4.049999999999958e+00	1.332161e-09
4.059999999999958e+00	1.279201e-09
4.069999999999958e+00	1.226176e-09
4.079999999999957e+00	1.173086e-09
4.089999999999957e+00	1.119929e-09
4.099999999999957e+00	1.066704e-09
4.109999999999957e+00	1.013409e-09
4.119999999999957e+00	9.600429e-10
4.129999999999956e+00	9.066049e-10
4.139999999999956e+00	8.530933e-10
4.149999999999956e+00	7.995067e-10
4.159999999999956e+00	7.458436e-10
4.169999999999956e+00	6.921025e-10
4.179999999999955e+00	6.382821e-10
4.189999999999955e+00	5.843807e-10
4.199999999999955e+00	5.303968e-10
4.209999999999955e+00	4.763290e-10
4.219999999999954e+00	4.221755e-10
4.229999999999954e+00	3.679348e-10
4.239999999999954e+00	3.136053e-10
4.249999999999954e+00	2.591852e-10
4.259999999999954e+00	2.046729e-10
4.269999999999953e+00	1.500666e-10
4.279999999999953e+00	9.536463e-11
4.289999999999953e+00	4.056513e-11
4.299999999999953e+00	-1.433370e-11
4.309999999999953e+00	-6.933373e-11
4.319999999999952e+00	-1.244368e-10
4.329999999999952e+00	-1.796450e-10
4.339999999999952e+00	-2.349601e-10
4.349999999999952e+00	-2.903842e-10
4.359999999999951e+00	-3.459193e-10
4.369999999999951e+00	-4.015676e-10
4.379999999999951e+00	-4.573310e-10
4.389999999999951e+00	-5.132118e-10
4.399999999999951e+00	-5.692122e-10
4.409999999999950e+00	-6.253345e-10
4.419999999999950e+00	-6.815809e-10
4.429999999999950e+00	-7.379538e-10
4.439999999999950e+00	-7.944554e-10
4.449999999999950e+00	-8.510885e-10
4.459999999999949e+00	-9.078552e-10
4.469999999999949e+00	-9.647583e-10
4.479999999999949e+00	-1.021800e-09
4.489999999999949e+00	-1.078984e-09
4.499999999999948e+00	-1.136312e-09
4.509999999999948e+00	-1.193787e-09
4.519999999999948e+00	-1.251411e-09
4.529999999999948e+00	-1.309189e-09
4.539999999999948e+00	-1.367122e-09
4.549999999999947e+00	-1.425214e-09
4.559999999999947e+00	-1.483468e-09
4.569999999999947e+00	-1.541886e-09
4.579999999999947e+00	-1.600474e-09
4.589999999999947e+00	-1.659232e-09
4.599999999999946e+00	-1.718166e-09
4.609999999999946e+00	-1.777279e-09
4.619999999999946e+00	-1.836575e-09
4.629999999999946e+00	-1.896058e-09
4.639999999999946e+00	-1.955735e-09
4.649999999999945e+00	-2.015612e-09
4.659999999999945e+00	-2.075702e-09
4.669999999999945e+00	-2.136020e-09
4.679999999999945e+00	-2.196588e-09
4.689999999999944e+00	-2.257427e-09
4.699999999999944e+00	-2.318565e-09
4.709999999999944e+00	-2.380045e-09
4.719999999999944e+00	-2.441927e-09
4.729999999999944e+00	-2.504298e-09
4.739999999999943e+00	-2.567284e-09
4.749999999999943e+00	-2.631069e-09
4.759999999999943e+00	-2.695921e-09
4.769999999999943e+00	-2.762230e-09
4.779999999999943e+00	-2.830567e-09
4.789999999999942e+00	-2.901765e-09
4.799999999999942e+00	-2.977048e-09
4.809999999999942e+00	-3.058203e-09
4.819999999999942e+00	-3.147847e-09
4.829999999999941e+00	-3.249810e-09
4.839999999999941e+00	-3.369685e-09
4.849999999999941e+00	-3.515628e-09
4.859999999999941e+00	-3.699495e-09
4.869999999999941e+00	-3.938455e-09
4.879999999999940e+00	-4.257205e-09
4.889999999999940e+00	-4.690965e-09
4.899999999999940e+00	-5.289328e-09
4.909999999999940e+00	-6.120931e-09
4.919999999999940e+00	-7.278562e-09
4.929999999999939e+00	-8.883903e-09
4.939999999999939e+00	-1.109061e-08
4.949999999999939e+00	-1.408443e-08
4.959999999999939e+00	-1.807992e-08
4.969999999999938e+00	-2.331339e-08
4.979999999999938e+00	-3.003177e-08
4.989999999999938e+00	-3.848025e-08
5.000000000000000e+00	-4.889283e-08
