v1	V(n005)	I(I1)	I(I2)	I(Ib)
3.600000000000000e+00	2.611396e+00	8.092081e-12	9.821237e-08	9.819113e-08
3.601000000000000e+00	2.611396e+00	8.106730e-12	9.821235e-08	9.819113e-08
3.602000000000000e+00	2.611396e+00	8.121850e-12	9.821234e-08	9.819113e-08
3.603000000000000e+00	2.611396e+00	8.137457e-12	9.821233e-08	9.819113e-08
3.604000000000000e+00	2.611396e+00	8.153564e-12	9.821231e-08	9.819113e-08
3.605000000000000e+00	2.611396e+00	8.170188e-12	9.821229e-08	9.819113e-08
3.605999999999999e+00	2.611396e+00	8.187347e-12	9.821228e-08	9.819113e-08
3.606999999999999e+00	2.611396e+00	8.205058e-12	9.821225e-08	9.819113e-08
3.607999999999999e+00	2.611396e+00	8.223335e-12	9.821224e-08	9.819113e-08
3.608999999999999e+00	2.611396e+00	8.242206e-12	9.821222e-08	9.819113e-08
3.609999999999999e+00	2.611396e+00	8.261677e-12	9.821220e-08	9.819113e-08
3.610999999999999e+00	2.611396e+00	8.281775e-12	9.821218e-08	9.819113e-08
3.611999999999999e+00	2.611396e+00	8.302521e-12	9.821216e-08	9.819113e-08
3.612999999999999e+00	2.611396e+00	8.323927e-12	9.821214e-08	9.819113e-08
3.613999999999999e+00	2.611396e+00	8.346027e-12	9.821211e-08	9.819113e-08
3.614999999999998e+00	2.611396e+00	8.368836e-12	9.821209e-08	9.819113e-08
3.615999999999998e+00	2.611396e+00	8.392379e-12	9.821207e-08	9.819113e-08
3.616999999999998e+00	2.611396e+00	8.416671e-12	9.821205e-08	9.819113e-08
3.617999999999998e+00	2.611396e+00	8.441753e-12	9.821202e-08	9.819113e-08
3.618999999999998e+00	2.611396e+00	8.467638e-12	9.821199e-08	9.819113e-08
3.619999999999998e+00	2.611396e+00	8.494352e-12	9.821197e-08	9.819113e-08
3.620999999999998e+00	2.611396e+00	8.521923e-12	9.821194e-08	9.819113e-08
3.621999999999998e+00	2.611396e+00	8.550383e-12	9.821191e-08	9.819113e-08
3.622999999999998e+00	2.611397e+00	8.579761e-12	9.821188e-08	9.819113e-08
3.623999999999997e+00	2.611397e+00	8.610082e-12	9.821185e-08	9.819113e-08
3.624999999999997e+00	2.611397e+00	8.641372e-12	9.821182e-08	9.819113e-08
3.625999999999997e+00	2.611397e+00	8.673670e-12	9.821179e-08	9.819113e-08
3.626999999999997e+00	2.611397e+00	8.707004e-12	9.821176e-08	9.819113e-08
3.627999999999997e+00	2.611397e+00	8.741418e-12	9.821172e-08	9.819113e-08
3.628999999999997e+00	2.611397e+00	8.776932e-12	9.821169e-08	9.819113e-08
3.629999999999997e+00	2.611397e+00	8.813584e-12	9.821165e-08	9.819113e-08
3.630999999999997e+00	2.611397e+00	8.851414e-12	9.821161e-08	9.819113e-08
3.631999999999997e+00	2.611397e+00	8.890470e-12	9.821157e-08	9.819113e-08
3.632999999999996e+00	2.611397e+00	8.930774e-12	9.821153e-08	9.819113e-08
3.633999999999996e+00	2.611397e+00	8.972372e-12	9.821149e-08	9.819113e-08
3.634999999999996e+00	2.611397e+00	9.015312e-12	9.821144e-08	9.819113e-08
3.635999999999996e+00	2.611397e+00	9.059627e-12	9.821140e-08	9.819113e-08
3.636999999999996e+00	2.611397e+00	9.105371e-12	9.821136e-08	9.819113e-08
3.637999999999996e+00	2.611397e+00	9.152581e-12	9.821131e-08	9.819113e-08
3.638999999999996e+00	2.611397e+00	9.201309e-12	9.821126e-08	9.819113e-08
3.639999999999996e+00	2.611397e+00	9.251610e-12	9.821121e-08	9.819113e-08
3.640999999999996e+00	2.611397e+00	9.303522e-12	9.821116e-08	9.819113e-08
3.641999999999995e+00	2.611397e+00	9.357105e-12	9.821110e-08	9.819113e-08
3.642999999999995e+00	2.611397e+00	9.412412e-12	9.821105e-08	9.819113e-08
3.643999999999995e+00	2.611397e+00	9.469496e-12	9.821099e-08	9.819113e-08
3.644999999999995e+00	2.611397e+00	9.528414e-12	9.821093e-08	9.819113e-08
3.645999999999995e+00	2.611397e+00	9.589230e-12	9.821088e-08	9.819113e-08
3.646999999999995e+00	2.611397e+00	9.651998e-12	9.821081e-08	9.819113e-08
3.647999999999995e+00	2.611397e+00	9.716782e-12	9.821075e-08	9.819113e-08
3.648999999999995e+00	2.611397e+00	9.783653e-12	9.821068e-08	9.819113e-08
3.649999999999995e+00	2.611397e+00	9.852679e-12	9.821061e-08	9.819113e-08
3.650999999999994e+00	2.611397e+00	9.923917e-12	9.821054e-08	9.819113e-08
3.651999999999994e+00	2.611397e+00	9.997445e-12	9.821046e-08	9.819114e-08
3.652999999999994e+00	2.611397e+00	1.007334e-11	9.821039e-08	9.819114e-08
3.653999999999994e+00	2.611397e+00	1.015168e-11	9.821031e-08	9.819114e-08
3.654999999999994e+00	2.611397e+00	1.023254e-11	9.821023e-08	9.819114e-08
3.655999999999994e+00	2.611397e+00	1.031599e-11	9.821014e-08	9.819114e-08
3.656999999999994e+00	2.611397e+00	1.040213e-11	9.821006e-08	9.819114e-08
3.657999999999994e+00	2.611397e+00	1.049104e-11	9.820997e-08	9.819114e-08
3.658999999999994e+00	2.611397e+00	1.058281e-11	9.820988e-08	9.819114e-08
3.659999999999993e+00	2.611397e+00	1.067753e-11	9.820979e-08	9.819114e-08
3.660999999999993e+00	2.611397e+00	1.077530e-11	9.820969e-08	9.819114e-08
3.661999999999993e+00	2.611397e+00	1.087621e-11	9.820959e-08	9.819114e-08
3.662999999999993e+00	2.611397e+00	1.098037e-11	9.820948e-08	9.819114e-08
3.663999999999993e+00	2.611397e+00	1.108788e-11	9.820938e-08	9.819114e-08
3.664999999999993e+00	2.611397e+00	1.119884e-11	9.820926e-08	9.819114e-08
3.665999999999993e+00	2.611398e+00	1.131338e-11	9.820915e-08	9.819114e-08
3.666999999999993e+00	2.611398e+00	1.143160e-11	9.820904e-08	9.819114e-08
3.667999999999993e+00	2.611398e+00	1.155362e-11	9.820891e-08	9.819114e-08
3.668999999999992e+00	2.611398e+00	1.167957e-11	9.820879e-08	9.819114e-08
3.669999999999992e+00	2.611398e+00	1.180957e-11	9.820865e-08	9.819114e-08
3.670999999999992e+00	2.611398e+00	1.194376e-11	9.820852e-08	9.819114e-08
3.671999999999992e+00	2.611398e+00	1.208225e-11	9.820838e-08	9.819114e-08
3.672999999999992e+00	2.611398e+00	1.222521e-11	9.820824e-08	9.819114e-08
3.673999999999992e+00	2.611398e+00	1.237276e-11	9.820809e-08	9.819114e-08
3.674999999999992e+00	2.611398e+00	1.252506e-11	9.820794e-08	9.819114e-08
3.675999999999992e+00	2.611398e+00	1.268226e-11	9.820779e-08	9.819114e-08
3.676999999999992e+00	2.611398e+00	1.284452e-11	9.820762e-08	9.819114e-08
3.677999999999991e+00	2.611398e+00	1.301200e-11	9.820745e-08	9.819114e-08
3.678999999999991e+00	2.611398e+00	1.318487e-11	9.820728e-08	9.819114e-08
3.679999999999991e+00	2.611398e+00	1.336330e-11	9.820710e-08	9.819114e-08
3.680999999999991e+00	2.611398e+00	1.354748e-11	9.820692e-08	9.819114e-08
3.681999999999991e+00	2.611398e+00	1.373757e-11	9.820673e-08	9.819114e-08
3.682999999999991e+00	2.611398e+00	1.393378e-11	9.820653e-08	9.819114e-08
3.683999999999991e+00	2.611398e+00	1.413631e-11	9.820633e-08	9.819114e-08
3.684999999999991e+00	2.611398e+00	1.434536e-11	9.820612e-08	9.819114e-08
3.685999999999991e+00	2.611399e+00	1.456113e-11	9.820591e-08	9.819114e-08
3.686999999999991e+00	2.611399e+00	1.478385e-11	9.820568e-08	9.819114e-08
3.687999999999990e+00	2.611399e+00	1.501372e-11	9.820545e-08	9.819114e-08
3.688999999999990e+00	2.611399e+00	1.525101e-11	9.820522e-08	9.819114e-08
3.689999999999990e+00	2.611399e+00	1.549592e-11	9.820497e-08	9.819114e-08
3.690999999999990e+00	2.611399e+00	1.574872e-11	9.820472e-08	9.819114e-08
3.691999999999990e+00	2.611399e+00	1.600965e-11	9.820446e-08	9.819114e-08
3.692999999999990e+00	2.611399e+00	1.627898e-11	9.820419e-08	9.819114e-08
3.693999999999990e+00	2.611399e+00	1.655698e-11	9.820391e-08	9.819114e-08
3.694999999999990e+00	2.611399e+00	1.684393e-11	9.820363e-08	9.819114e-08
3.695999999999990e+00	2.611399e+00	1.714011e-11	9.820333e-08	9.819114e-08
3.696999999999989e+00	2.611400e+00	1.744582e-11	9.820302e-08	9.819114e-08
3.697999999999989e+00	2.611400e+00	1.776137e-11	9.820271e-08	9.819114e-08
3.698999999999989e+00	2.611400e+00	1.808708e-11	9.820238e-08	9.819114e-08
3.699999999999989e+00	2.611400e+00	1.842327e-11	9.820204e-08	9.819114e-08
3.700999999999989e+00	2.611400e+00	1.877028e-11	9.820170e-08	9.819114e-08
3.701999999999989e+00	2.611400e+00	1.912846e-11	9.820134e-08	9.819114e-08
3.702999999999989e+00	2.611400e+00	1.949817e-11	9.820097e-08	9.819114e-08
3.703999999999989e+00	2.611401e+00	1.987978e-11	9.820059e-08	9.819114e-08
3.704999999999989e+00	2.611401e+00	2.027367e-11	9.820020e-08	9.819114e-08
3.705999999999988e+00	2.611401e+00	2.068024e-11	9.819979e-08	9.819114e-08
3.706999999999988e+00	2.611401e+00	2.109990e-11	9.819937e-08	9.819114e-08
3.707999999999988e+00	2.611401e+00	2.153307e-11	9.819894e-08	9.819114e-08
3.708999999999988e+00	2.611401e+00	2.198017e-11	9.819849e-08	9.819114e-08
3.709999999999988e+00	2.611401e+00	2.244167e-11	9.819803e-08	9.819114e-08
3.710999999999988e+00	2.611402e+00	2.291803e-11	9.819755e-08	9.819114e-08
3.711999999999988e+00	2.611402e+00	2.340972e-11	9.819706e-08	9.819114e-08
3.712999999999988e+00	2.611402e+00	2.391723e-11	9.819656e-08	9.819114e-08
3.713999999999988e+00	2.611402e+00	2.444108e-11	9.819603e-08	9.819114e-08
3.714999999999987e+00	2.611402e+00	2.498180e-11	9.819549e-08	9.819114e-08
3.715999999999987e+00	2.611403e+00	2.553992e-11	9.819494e-08	9.819114e-08
3.716999999999987e+00	2.611403e+00	2.611601e-11	9.819436e-08	9.819115e-08
3.717999999999987e+00	2.611403e+00	2.671063e-11	9.819377e-08	9.819115e-08
3.718999999999987e+00	2.611403e+00	2.732440e-11	9.819315e-08	9.819115e-08
3.719999999999987e+00	2.611403e+00	2.795793e-11	9.819252e-08	9.819115e-08
3.720999999999987e+00	2.611404e+00	2.861186e-11	9.819187e-08	9.819115e-08
3.721999999999987e+00	2.611404e+00	2.928683e-11	9.819119e-08	9.819115e-08
3.722999999999987e+00	2.611404e+00	2.998353e-11	9.819050e-08	9.819115e-08
3.723999999999986e+00	2.611404e+00	3.070264e-11	9.818978e-08	9.819115e-08
3.724999999999986e+00	2.611405e+00	3.144492e-11	9.818903e-08	9.819115e-08
3.725999999999986e+00	2.611405e+00	3.221108e-11	9.818827e-08	9.819115e-08
3.726999999999986e+00	2.611405e+00	3.300191e-11	9.818748e-08	9.819115e-08
3.727999999999986e+00	2.611406e+00	3.381820e-11	9.818667e-08	9.819115e-08
3.728999999999986e+00	2.611406e+00	3.466076e-11	9.818582e-08	9.819116e-08
3.729999999999986e+00	2.611406e+00	3.553044e-11	9.818496e-08	9.819116e-08
3.730999999999986e+00	2.611407e+00	3.642811e-11	9.818406e-08	9.819116e-08
3.731999999999986e+00	2.611407e+00	3.735469e-11	9.818314e-08	9.819116e-08
3.732999999999985e+00	2.611407e+00	3.831108e-11	9.818218e-08	9.819116e-08
3.733999999999985e+00	2.611408e+00	3.929826e-11	9.818119e-08	9.819116e-08
3.734999999999985e+00	2.611408e+00	4.031721e-11	9.818017e-08	9.819116e-08
3.735999999999985e+00	2.611408e+00	4.136895e-11	9.817912e-08	9.819116e-08
3.736999999999985e+00	2.611409e+00	4.245456e-11	9.817803e-08	9.819117e-08
3.737999999999985e+00	2.611409e+00	4.357509e-11	9.817692e-08	9.819117e-08
3.738999999999985e+00	2.611409e+00	4.473169e-11	9.817576e-08	9.819117e-08
3.739999999999985e+00	2.611410e+00	4.592553e-11	9.817457e-08	9.819117e-08
3.740999999999985e+00	2.611410e+00	4.715777e-11	9.817334e-08	9.819117e-08
3.741999999999984e+00	2.611411e+00	4.842968e-11	9.817207e-08	9.819117e-08
3.742999999999984e+00	2.611411e+00	4.974252e-11	9.817076e-08	9.819117e-08
3.743999999999984e+00	2.611412e+00	5.109761e-11	9.816940e-08	9.819117e-08
3.744999999999984e+00	2.611412e+00	5.249630e-11	9.816800e-08	9.819117e-08
3.745999999999984e+00	2.611413e+00	5.394001e-11	9.816656e-08	9.819117e-08
3.746999999999984e+00	2.611413e+00	5.543016e-11	9.816507e-08	9.819117e-08
3.747999999999984e+00	2.611414e+00	5.696827e-11	9.816354e-08	9.819117e-08
3.748999999999984e+00	2.611414e+00	5.855587e-11	9.816195e-08	9.819118e-08
3.749999999999984e+00	2.611415e+00	6.019454e-11	9.816031e-08	9.819118e-08
3.750999999999983e+00	2.611416e+00	6.188595e-11	9.815862e-08	9.819118e-08
3.751999999999983e+00	2.611416e+00	6.363177e-11	9.815688e-08	9.819118e-08
3.752999999999983e+00	2.611417e+00	6.543374e-11	9.815508e-08	9.819118e-08
3.753999999999983e+00	2.611418e+00	6.729369e-11	9.815322e-08	9.819119e-08
3.754999999999983e+00	2.611418e+00	6.921348e-11	9.815130e-08	9.819119e-08
3.755999999999983e+00	2.611419e+00	7.119501e-11	9.814932e-08	9.819119e-08
3.756999999999983e+00	2.611420e+00	7.324027e-11	9.814728e-08	9.819119e-08
3.757999999999983e+00	2.611420e+00	7.535132e-11	9.814517e-08	9.819119e-08
3.758999999999983e+00	2.611421e+00	7.753026e-11	9.814299e-08	9.819119e-08
3.759999999999982e+00	2.611422e+00	7.977928e-11	9.814075e-08	9.819119e-08
3.760999999999982e+00	2.611423e+00	8.210062e-11	9.813843e-08	9.819120e-08
3.761999999999982e+00	2.611424e+00	8.449660e-11	9.813603e-08	9.819120e-08
3.762999999999982e+00	2.611425e+00	8.696961e-11	9.813356e-08	9.819120e-08
3.763999999999982e+00	2.611426e+00	8.952214e-11	9.813101e-08	9.819120e-08
3.764999999999982e+00	2.611427e+00	9.215673e-11	9.812838e-08	9.819121e-08
3.765999999999982e+00	2.611428e+00	9.487600e-11	9.812566e-08	9.819121e-08
3.766999999999982e+00	2.611428e+00	9.768268e-11	9.812286e-08	9.819121e-08
3.767999999999982e+00	2.611429e+00	1.005796e-10	9.811996e-08	9.819122e-08
3.768999999999981e+00	2.611431e+00	1.035696e-10	9.811698e-08	9.819122e-08
3.769999999999981e+00	2.611432e+00	1.066556e-10	9.811389e-08	9.819122e-08
3.770999999999981e+00	2.611433e+00	1.098409e-10	9.811071e-08	9.819122e-08
3.771999999999981e+00	2.611434e+00	1.131284e-10	9.810743e-08	9.819122e-08
3.772999999999981e+00	2.611435e+00	1.165216e-10	9.810404e-08	9.819123e-08
3.773999999999981e+00	2.611437e+00	1.200238e-10	9.810054e-08	9.819123e-08
3.774999999999981e+00	2.611438e+00	1.236384e-10	9.809693e-08	9.819124e-08
3.775999999999981e+00	2.611439e+00	1.273692e-10	9.809320e-08	9.819124e-08
3.776999999999981e+00	2.611441e+00	1.312197e-10	9.808935e-08	9.819124e-08
3.777999999999980e+00	2.611442e+00	1.351939e-10	9.808538e-08	9.819124e-08
3.778999999999980e+00	2.611444e+00	1.392956e-10	9.808128e-08	9.819125e-08
3.779999999999980e+00	2.611445e+00	1.435290e-10	9.807705e-08	9.819125e-08
3.780999999999980e+00	2.611447e+00	1.478983e-10	9.807269e-08	9.819126e-08
3.781999999999980e+00	2.611448e+00	1.524078e-10	9.806818e-08	9.819126e-08
3.782999999999980e+00	2.611450e+00	1.570619e-10	9.806353e-08	9.819126e-08
3.783999999999980e+00	2.611452e+00	1.618654e-10	9.805873e-08	9.819127e-08
3.784999999999980e+00	2.611454e+00	1.668229e-10	9.805378e-08	9.819127e-08
3.785999999999980e+00	2.611455e+00	1.719395e-10	9.804867e-08	9.819128e-08
3.786999999999979e+00	2.611457e+00	1.772200e-10	9.804339e-08	9.819128e-08
3.787999999999979e+00	2.611459e+00	1.826699e-10	9.803795e-08	9.819129e-08
3.788999999999979e+00	2.611461e+00	1.882944e-10	9.803233e-08	9.819129e-08
3.789999999999979e+00	2.611463e+00	1.940992e-10	9.802653e-08	9.819130e-08
3.790999999999979e+00	2.611465e+00	2.000899e-10	9.802054e-08	9.819130e-08
3.791999999999979e+00	2.611468e+00	2.062726e-10	9.801437e-08	9.819131e-08
3.792999999999979e+00	2.611470e+00	2.126532e-10	9.800799e-08	9.819131e-08
3.793999999999979e+00	2.611472e+00	2.192382e-10	9.800141e-08	9.819132e-08
3.794999999999979e+00	2.611475e+00	2.260339e-10	9.799462e-08	9.819133e-08
3.795999999999979e+00	2.611477e+00	2.330472e-10	9.798762e-08	9.819133e-08
3.796999999999978e+00	2.611480e+00	2.402848e-10	9.798038e-08	9.819134e-08
3.797999999999978e+00	2.611483e+00	2.477539e-10	9.797292e-08	9.819134e-08
3.798999999999978e+00	2.611485e+00	2.554619e-10	9.796522e-08	9.819135e-08
3.799999999999978e+00	2.611488e+00	2.634164e-10	9.795728e-08	9.819136e-08
3.800999999999978e+00	2.611491e+00	2.716250e-10	9.794907e-08	9.819136e-08
3.801999999999978e+00	2.611494e+00	2.800960e-10	9.794061e-08	9.819137e-08
3.802999999999978e+00	2.611497e+00	2.888375e-10	9.793187e-08	9.819138e-08
3.803999999999978e+00	2.611501e+00	2.978582e-10	9.792286e-08	9.819139e-08
3.804999999999978e+00	2.611504e+00	3.071668e-10	9.791356e-08	9.819140e-08
3.805999999999977e+00	2.611507e+00	3.167726e-10	9.790396e-08	9.819141e-08
3.806999999999977e+00	2.611511e+00	3.266847e-10	9.789406e-08	9.819141e-08
3.807999999999977e+00	2.611515e+00	3.369129e-10	9.788384e-08	9.819142e-08
3.808999999999977e+00	2.611519e+00	3.474672e-10	9.787330e-08	9.819144e-08
3.809999999999977e+00	2.611522e+00	3.583578e-10	9.786242e-08	9.819144e-08
3.810999999999977e+00	2.611526e+00	3.695952e-10	9.785119e-08	9.819146e-08
3.811999999999977e+00	2.611531e+00	3.811905e-10	9.783960e-08	9.819146e-08
3.812999999999977e+00	2.611535e+00	3.931549e-10	9.782765e-08	9.819147e-08
3.813999999999977e+00	2.611540e+00	4.054998e-10	9.781532e-08	9.819149e-08
3.814999999999976e+00	2.611544e+00	4.182373e-10	9.780259e-08	9.819150e-08
3.815999999999976e+00	2.611549e+00	4.313797e-10	9.778946e-08	9.819151e-08
3.816999999999976e+00	2.611554e+00	4.449395e-10	9.777591e-08	9.819152e-08
3.817999999999976e+00	2.611559e+00	4.589299e-10	9.776193e-08	9.819153e-08
3.818999999999976e+00	2.611564e+00	4.733643e-10	9.774752e-08	9.819155e-08
3.819999999999976e+00	2.611569e+00	4.882566e-10	9.773264e-08	9.819156e-08
3.820999999999976e+00	2.611575e+00	5.036210e-10	9.771728e-08	9.819157e-08
3.821999999999976e+00	2.611581e+00	5.194722e-10	9.770145e-08	9.819158e-08
3.822999999999976e+00	2.611587e+00	5.358254e-10	9.768511e-08	9.819160e-08
3.823999999999975e+00	2.611593e+00	5.526961e-10	9.766826e-08	9.819162e-08
3.824999999999975e+00	2.611599e+00	5.701002e-10	9.765086e-08	9.819163e-08
3.825999999999975e+00	2.611605e+00	5.880546e-10	9.763293e-08	9.819165e-08
3.826999999999975e+00	2.611612e+00	6.065760e-10	9.761442e-08	9.819166e-08
3.827999999999975e+00	2.611619e+00	6.256821e-10	9.759533e-08	9.819168e-08
3.828999999999975e+00	2.611626e+00	6.453907e-10	9.757564e-08	9.819170e-08
3.829999999999975e+00	2.611634e+00	6.657206e-10	9.755533e-08	9.819172e-08
3.830999999999975e+00	2.611641e+00	6.866908e-10	9.753438e-08	9.819173e-08
3.831999999999975e+00	2.611649e+00	7.083209e-10	9.751277e-08	9.819176e-08
3.832999999999974e+00	2.611657e+00	7.306312e-10	9.749048e-08	9.819178e-08
3.833999999999974e+00	2.611665e+00	7.536424e-10	9.746748e-08	9.819180e-08
3.834999999999974e+00	2.611674e+00	7.773760e-10	9.744377e-08	9.819182e-08
3.835999999999974e+00	2.611683e+00	8.018540e-10	9.741932e-08	9.819184e-08
3.836999999999974e+00	2.611692e+00	8.270991e-10	9.739410e-08	9.819186e-08
3.837999999999974e+00	2.611701e+00	8.531344e-10	9.736809e-08	9.819188e-08
3.838999999999974e+00	2.611711e+00	8.799840e-10	9.734126e-08	9.819191e-08
3.839999999999974e+00	2.611721e+00	9.076725e-10	9.731360e-08	9.819193e-08
3.840999999999974e+00	2.611732e+00	9.362253e-10	9.728507e-08	9.819196e-08
3.841999999999973e+00	2.611742e+00	9.656683e-10	9.725565e-08	9.819198e-08
3.842999999999973e+00	2.611753e+00	9.960283e-10	9.722532e-08	9.819201e-08
3.843999999999973e+00	2.611765e+00	1.027333e-09	9.719405e-08	9.819204e-08
3.844999999999973e+00	2.611776e+00	1.059610e-09	9.716180e-08	9.819207e-08
3.845999999999973e+00	2.611788e+00	1.092889e-09	9.712855e-08	9.819210e-08
3.846999999999973e+00	2.611801e+00	1.127199e-09	9.709427e-08	9.819213e-08
3.847999999999973e+00	2.611814e+00	1.162572e-09	9.705893e-08	9.819216e-08
3.848999999999973e+00	2.611827e+00	1.199038e-09	9.702249e-08	9.819220e-08
3.849999999999973e+00	2.611840e+00	1.236630e-09	9.698493e-08	9.819223e-08
3.850999999999972e+00	2.611855e+00	1.275381e-09	9.694622e-08	9.819227e-08
3.851999999999972e+00	2.611869e+00	1.315325e-09	9.690631e-08	9.819230e-08
3.852999999999972e+00	2.611884e+00	1.356496e-09	9.686518e-08	9.819234e-08
3.853999999999972e+00	2.611900e+00	1.398931e-09	9.682278e-08	9.819237e-08
3.854999999999972e+00	2.611916e+00	1.442667e-09	9.677908e-08	9.819242e-08
3.855999999999972e+00	2.611932e+00	1.487740e-09	9.673406e-08	9.819245e-08
3.856999999999972e+00	2.611949e+00	1.534190e-09	9.668764e-08	9.819249e-08
3.857999999999972e+00	2.611966e+00	1.582057e-09	9.663982e-08	9.819254e-08
3.858999999999972e+00	2.611984e+00	1.631379e-09	9.659054e-08	9.819259e-08
3.859999999999971e+00	2.612003e+00	1.682200e-09	9.653976e-08	9.819263e-08
3.860999999999971e+00	2.612022e+00	1.734562e-09	9.648745e-08	9.819268e-08
3.861999999999971e+00	2.612042e+00	1.788508e-09	9.643356e-08	9.819273e-08
3.862999999999971e+00	2.612062e+00	1.844083e-09	9.637803e-08	9.819278e-08
3.863999999999971e+00	2.612083e+00	1.901333e-09	9.632083e-08	9.819283e-08
3.864999999999971e+00	2.612104e+00	1.960304e-09	9.626191e-08	9.819288e-08
3.865999999999971e+00	2.612127e+00	2.021044e-09	9.620123e-08	9.819293e-08
3.866999999999971e+00	2.612149e+00	2.083603e-09	9.613873e-08	9.819299e-08
3.867999999999971e+00	2.612173e+00	2.148030e-09	9.607436e-08	9.819305e-08
3.868999999999970e+00	2.612197e+00	2.214376e-09	9.600807e-08	9.819311e-08
3.869999999999970e+00	2.612222e+00	2.282693e-09	9.593982e-08	9.819317e-08
3.870999999999970e+00	2.612248e+00	2.353036e-09	9.586955e-08	9.819323e-08
3.871999999999970e+00	2.612275e+00	2.425457e-09	9.579718e-08	9.819330e-08
3.872999999999970e+00	2.612302e+00	2.500014e-09	9.572270e-08	9.819337e-08
3.873999999999970e+00	2.612330e+00	2.576763e-09	9.564602e-08	9.819344e-08
3.874999999999970e+00	2.612359e+00	2.655761e-09	9.556710e-08	9.819351e-08
3.875999999999970e+00	2.612389e+00	2.737068e-09	9.548586e-08	9.819358e-08
3.876999999999970e+00	2.612420e+00	2.820744e-09	9.540226e-08	9.819366e-08
3.877999999999969e+00	2.612452e+00	2.906851e-09	9.531623e-08	9.819374e-08
3.878999999999969e+00	2.612484e+00	2.995450e-09	9.522771e-08	9.819382e-08
3.879999999999969e+00	2.612518e+00	3.086605e-09	9.513664e-08	9.819390e-08
3.880999999999969e+00	2.612553e+00	3.180382e-09	9.504295e-08	9.819399e-08
3.881999999999969e+00	2.612588e+00	3.276846e-09	9.494657e-08	9.819407e-08
3.882999999999969e+00	2.612625e+00	3.376065e-09	9.484744e-08	9.819416e-08
3.883999999999969e+00	2.612663e+00	3.478105e-09	9.474550e-08	9.819426e-08
3.884999999999969e+00	2.612702e+00	3.583036e-09	9.464067e-08	9.819436e-08
3.885999999999969e+00	2.612742e+00	3.690929e-09	9.453287e-08	9.819446e-08
3.886999999999968e+00	2.612783e+00	3.801854e-09	9.442205e-08	9.819455e-08
3.887999999999968e+00	2.612825e+00	3.915885e-09	9.430812e-08	9.819466e-08
3.888999999999968e+00	2.612869e+00	4.033093e-09	9.419102e-08	9.819477e-08
3.889999999999968e+00	2.612914e+00	4.153554e-09	9.407067e-08	9.819487e-08
3.890999999999968e+00	2.612960e+00	4.277343e-09	9.394699e-08	9.819500e-08
3.891999999999968e+00	2.613007e+00	4.404535e-09	9.381992e-08	9.819511e-08
3.892999999999968e+00	2.613056e+00	4.535207e-09	9.368937e-08	9.819523e-08
3.893999999999968e+00	2.613106e+00	4.669438e-09	9.355526e-08	9.819535e-08
3.894999999999968e+00	2.613158e+00	4.807305e-09	9.341753e-08	9.819548e-08
3.895999999999967e+00	2.613211e+00	4.948887e-09	9.327608e-08	9.819561e-08
3.896999999999967e+00	2.613265e+00	5.094265e-09	9.313083e-08	9.819575e-08
3.897999999999967e+00	2.613321e+00	5.243519e-09	9.298171e-08	9.819588e-08
3.898999999999967e+00	2.613379e+00	5.396731e-09	9.282865e-08	9.819603e-08
3.899999999999967e+00	2.613438e+00	5.553980e-09	9.267154e-08	9.819617e-08
3.900999999999967e+00	2.613499e+00	5.715351e-09	9.251033e-08	9.819632e-08
3.901999999999967e+00	2.613561e+00	5.880924e-09	9.234491e-08	9.819648e-08
3.902999999999967e+00	2.613626e+00	6.050783e-09	9.217521e-08	9.819664e-08
3.903999999999967e+00	2.613692e+00	6.225011e-09	9.200114e-08	9.819680e-08
3.904999999999966e+00	2.613759e+00	6.403690e-09	9.182263e-08	9.819696e-08
3.905999999999966e+00	2.613829e+00	6.586903e-09	9.163959e-08	9.819714e-08
3.906999999999966e+00	2.613900e+00	6.774735e-09	9.145193e-08	9.819731e-08
3.907999999999966e+00	2.613974e+00	6.967267e-09	9.125959e-08	9.819750e-08
3.908999999999966e+00	2.614049e+00	7.164582e-09	9.106245e-08	9.819768e-08
3.909999999999966e+00	2.614126e+00	7.366763e-09	9.086047e-08	9.819787e-08
3.910999999999966e+00	2.614206e+00	7.573893e-09	9.065353e-08	9.819806e-08
3.911999999999966e+00	2.614287e+00	7.786052e-09	9.044157e-08	9.819827e-08
3.912999999999966e+00	2.614371e+00	8.003321e-09	9.022451e-08	9.819848e-08
3.913999999999966e+00	2.614456e+00	8.225781e-09	9.000226e-08	9.819869e-08
3.914999999999965e+00	2.614544e+00	8.453511e-09	8.977475e-08	9.819890e-08
3.915999999999965e+00	2.614635e+00	8.686590e-09	8.954189e-08	9.819912e-08
3.916999999999965e+00	2.614727e+00	8.925095e-09	8.930362e-08	9.819936e-08
3.917999999999965e+00	2.614822e+00	9.169104e-09	8.905984e-08	9.819959e-08
3.918999999999965e+00	2.614919e+00	9.418689e-09	8.881049e-08	9.819983e-08
3.919999999999965e+00	2.615018e+00	9.673926e-09	8.855550e-08	9.820008e-08
3.920999999999965e+00	2.615120e+00	9.934886e-09	8.829480e-08	9.820032e-08
3.921999999999965e+00	2.615225e+00	1.020164e-08	8.802830e-08	9.820059e-08
3.922999999999965e+00	2.615332e+00	1.047425e-08	8.775595e-08	9.820085e-08
3.923999999999964e+00	2.615442e+00	1.075280e-08	8.747768e-08	9.820112e-08
3.924999999999964e+00	2.615554e+00	1.103734e-08	8.719341e-08	9.820140e-08
3.925999999999964e+00	2.615669e+00	1.132793e-08	8.690311e-08	9.820168e-08
3.926999999999964e+00	2.615787e+00	1.162464e-08	8.660668e-08	9.820197e-08
3.927999999999964e+00	2.615908e+00	1.192753e-08	8.630410e-08	9.820227e-08
3.928999999999964e+00	2.616031e+00	1.223664e-08	8.599529e-08	9.820258e-08
3.929999999999964e+00	2.616158e+00	1.255204e-08	8.568020e-08	9.820289e-08
3.930999999999964e+00	2.616287e+00	1.287377e-08	8.535879e-08	9.820320e-08
3.931999999999964e+00	2.616419e+00	1.320188e-08	8.503101e-08	9.820353e-08
3.932999999999963e+00	2.616554e+00	1.353640e-08	8.469681e-08	9.820386e-08
3.933999999999963e+00	2.616692e+00	1.387740e-08	8.435617e-08	9.820420e-08
3.934999999999963e+00	2.616834e+00	1.422489e-08	8.400902e-08	9.820455e-08
3.935999999999963e+00	2.616978e+00	1.457892e-08	8.365535e-08	9.820491e-08
3.936999999999963e+00	2.617126e+00	1.493951e-08	8.329512e-08	9.820528e-08
3.937999999999963e+00	2.617277e+00	1.530669e-08	8.292831e-08	9.820565e-08
3.938999999999963e+00	2.617431e+00	1.568049e-08	8.255489e-08	9.820603e-08
3.939999999999963e+00	2.617589e+00	1.606092e-08	8.217485e-08	9.820642e-08
3.940999999999963e+00	2.617749e+00	1.644799e-08	8.178817e-08	9.820681e-08
3.941999999999962e+00	2.617913e+00	1.684173e-08	8.139484e-08	9.820722e-08
3.942999999999962e+00	2.618081e+00	1.724214e-08	8.099484e-08	9.820764e-08
3.943999999999962e+00	2.618252e+00	1.764921e-08	8.058819e-08	9.820806e-08
3.944999999999962e+00	2.618427e+00	1.806296e-08	8.017487e-08	9.820849e-08
3.945999999999962e+00	2.618605e+00	1.848336e-08	7.975490e-08	9.820893e-08
3.946999999999962e+00	2.618787e+00	1.891042e-08	7.932830e-08	9.820938e-08
3.947999999999962e+00	2.618973e+00	1.934412e-08	7.889506e-08	9.820983e-08
3.948999999999962e+00	2.619162e+00	1.978444e-08	7.845520e-08	9.821030e-08
3.949999999999962e+00	2.619354e+00	2.023135e-08	7.800877e-08	9.821078e-08
3.950999999999961e+00	2.619551e+00	2.068482e-08	7.755578e-08	9.821126e-08
3.951999999999961e+00	2.619751e+00	2.114483e-08	7.709625e-08	9.821176e-08
3.952999999999961e+00	2.619956e+00	2.161134e-08	7.663025e-08	9.821226e-08
3.953999999999961e+00	2.620164e+00	2.208430e-08	7.615780e-08	9.821277e-08
3.954999999999961e+00	2.620376e+00	2.256366e-08	7.567895e-08	9.821330e-08
3.955999999999961e+00	2.620592e+00	2.304938e-08	7.519377e-08	9.821383e-08
3.956999999999961e+00	2.620811e+00	2.354140e-08	7.470229e-08	9.821437e-08
3.957999999999961e+00	2.621035e+00	2.403965e-08	7.420459e-08	9.821493e-08
3.958999999999961e+00	2.621263e+00	2.454407e-08	7.370073e-08	9.821549e-08
3.959999999999960e+00	2.621495e+00	2.505459e-08	7.319078e-08	9.821606e-08
3.960999999999960e+00	2.621731e+00	2.557113e-08	7.267482e-08	9.821664e-08
3.961999999999960e+00	2.621971e+00	2.609361e-08	7.215292e-08	9.821724e-08
3.962999999999960e+00	2.622215e+00	2.662195e-08	7.162518e-08	9.821783e-08
3.963999999999960e+00	2.622464e+00	2.715606e-08	7.109168e-08	9.821845e-08
3.964999999999960e+00	2.622716e+00	2.769584e-08	7.055252e-08	9.821907e-08
3.965999999999960e+00	2.622973e+00	2.824119e-08	7.000780e-08	9.821971e-08
3.966999999999960e+00	2.623234e+00	2.879202e-08	6.945762e-08	9.822035e-08
3.967999999999960e+00	2.623499e+00	2.934820e-08	6.890208e-08	9.822100e-08
3.968999999999959e+00	2.623769e+00	2.990964e-08	6.834131e-08	9.822167e-08
3.969999999999959e+00	2.624043e+00	3.047622e-08	6.777540e-08	9.822234e-08
3.970999999999959e+00	2.624321e+00	3.104780e-08	6.720450e-08	9.822303e-08
3.971999999999959e+00	2.624604e+00	3.162428e-08	6.662871e-08	9.822373e-08
3.972999999999959e+00	2.624891e+00	3.220552e-08	6.604818e-08	9.822443e-08
3.973999999999959e+00	2.625182e+00	3.279138e-08	6.546303e-08	9.822516e-08
3.974999999999959e+00	2.625478e+00	3.338174e-08	6.487340e-08	9.822588e-08
3.975999999999959e+00	2.625778e+00	3.397645e-08	6.427942e-08	9.822663e-08
3.976999999999959e+00	2.626083e+00	3.457537e-08	6.368125e-08	9.822737e-08
3.977999999999958e+00	2.626392e+00	3.517835e-08	6.307902e-08	9.822814e-08
3.978999999999958e+00	2.626706e+00	3.578524e-08	6.247289e-08	9.822892e-08
3.979999999999958e+00	2.627024e+00	3.639590e-08	6.186302e-08	9.822970e-08
3.980999999999958e+00	2.627347e+00	3.701015e-08	6.124956e-08	9.823049e-08
3.981999999999958e+00	2.627674e+00	3.762784e-08	6.063267e-08	9.823130e-08
3.982999999999958e+00	2.628006e+00	3.824881e-08	6.001250e-08	9.823212e-08
3.983999999999958e+00	2.628342e+00	3.887290e-08	5.938924e-08	9.823295e-08
3.984999999999958e+00	2.628683e+00	3.949993e-08	5.876305e-08	9.823379e-08
3.985999999999958e+00	2.629029e+00	4.012974e-08	5.813408e-08	9.823464e-08
3.986999999999957e+00	2.629379e+00	4.076215e-08	5.750253e-08	9.823550e-08
3.987999999999957e+00	2.629734e+00	4.139698e-08	5.686856e-08	9.823638e-08
3.988999999999957e+00	2.630093e+00	4.203407e-08	5.623235e-08	9.823727e-08
3.989999999999957e+00	2.630457e+00	4.267323e-08	5.559408e-08	9.823816e-08
3.990999999999957e+00	2.630825e+00	4.331428e-08	5.495393e-08	9.823907e-08
3.991999999999957e+00	2.631198e+00	4.395704e-08	5.431209e-08	9.823999e-08
3.992999999999957e+00	2.631576e+00	4.460133e-08	5.366872e-08	9.824092e-08
3.993999999999957e+00	2.631959e+00	4.524695e-08	5.302403e-08	9.824187e-08
3.994999999999957e+00	2.632346e+00	4.589374e-08	5.237819e-08	9.824282e-08
3.995999999999956e+00	2.632738e+00	4.654149e-08	5.173140e-08	9.824379e-08
3.996999999999956e+00	2.633134e+00	4.719002e-08	5.108383e-08	9.824477e-08
3.997999999999956e+00	2.633535e+00	4.783914e-08	5.043569e-08	9.824576e-08
3.998999999999956e+00	2.633941e+00	4.848867e-08	4.978715e-08	9.824676e-08
3.999999999999956e+00	2.634351e+00	4.913841e-08	4.913841e-08	9.824777e-08
4.000999999999956e+00	2.634766e+00	4.978818e-08	4.848966e-08	9.824879e-08
4.001999999999956e+00	2.635186e+00	5.043778e-08	4.784108e-08	9.824983e-08
4.002999999999957e+00	2.635610e+00	5.108704e-08	4.719287e-08	9.825087e-08
4.003999999999957e+00	2.636039e+00	5.173574e-08	4.654520e-08	9.825193e-08
4.004999999999957e+00	2.636473e+00	5.238372e-08	4.589828e-08	9.825300e-08
4.005999999999958e+00	2.636911e+00	5.303078e-08	4.525229e-08	9.825408e-08
4.006999999999958e+00	2.637354e+00	5.367674e-08	4.460742e-08	9.825517e-08
4.007999999999958e+00	2.637802e+00	5.432140e-08	4.396385e-08	9.825627e-08
4.008999999999959e+00	2.638254e+00	5.496459e-08	4.332177e-08	9.825739e-08
4.009999999999959e+00	2.638711e+00	5.560612e-08	4.268135e-08	9.825852e-08
4.010999999999959e+00	2.639173e+00	5.624580e-08	4.204279e-08	9.825965e-08
4.011999999999960e+00	2.639639e+00	5.688346e-08	4.140627e-08	9.826080e-08
4.012999999999960e+00	2.640110e+00	5.751892e-08	4.077196e-08	9.826196e-08
4.013999999999960e+00	2.640585e+00	5.815200e-08	4.014004e-08	9.826313e-08
4.014999999999961e+00	2.641065e+00	5.878252e-08	3.951068e-08	9.826432e-08
4.015999999999961e+00	2.641550e+00	5.941032e-08	3.888407e-08	9.826551e-08
4.016999999999961e+00	2.642039e+00	6.003522e-08	3.826036e-08	9.826672e-08
4.017999999999962e+00	2.642532e+00	6.065705e-08	3.763974e-08	9.826793e-08
4.018999999999962e+00	2.643031e+00	6.127565e-08	3.702235e-08	9.826916e-08
4.019999999999962e+00	2.643533e+00	6.189085e-08	3.640838e-08	9.827040e-08
4.020999999999963e+00	2.644041e+00	6.250249e-08	3.579797e-08	9.827165e-08
4.021999999999963e+00	2.644553e+00	6.311043e-08	3.519129e-08	9.827291e-08
4.022999999999963e+00	2.645069e+00	6.371449e-08	3.458848e-08	9.827419e-08
4.023999999999964e+00	2.645590e+00	6.431453e-08	3.398971e-08	9.827546e-08
4.024999999999964e+00	2.646115e+00	6.491041e-08	3.339511e-08	9.827676e-08
4.025999999999964e+00	2.646645e+00	6.550197e-08	3.280484e-08	9.827806e-08
4.026999999999965e+00	2.647179e+00	6.608909e-08	3.221902e-08	9.827938e-08
4.027999999999965e+00	2.647717e+00	6.667162e-08	3.163781e-08	9.828071e-08
4.028999999999965e+00	2.648260e+00	6.724942e-08	3.106133e-08	9.828204e-08
4.029999999999966e+00	2.648808e+00	6.782237e-08	3.048971e-08	9.828339e-08
4.030999999999966e+00	2.649359e+00	6.839035e-08	2.992308e-08	9.828475e-08
4.031999999999966e+00	2.649915e+00	6.895323e-08	2.936156e-08	9.828612e-08
4.032999999999967e+00	2.650476e+00	6.951089e-08	2.880526e-08	9.828750e-08
4.033999999999967e+00	2.651040e+00	7.006322e-08	2.825430e-08	9.828889e-08
4.034999999999967e+00	2.651609e+00	7.061012e-08	2.770879e-08	9.829029e-08
4.035999999999968e+00	2.652182e+00	7.115148e-08	2.716883e-08	9.829171e-08
4.036999999999968e+00	2.652760e+00	7.168720e-08	2.663452e-08	9.829313e-08
4.037999999999968e+00	2.653341e+00	7.221718e-08	2.610595e-08	9.829456e-08
4.038999999999969e+00	2.653927e+00	7.274134e-08	2.558322e-08	9.829600e-08
4.039999999999969e+00	2.654516e+00	7.325958e-08	2.506641e-08	9.829745e-08
4.040999999999969e+00	2.655110e+00	7.377183e-08	2.455561e-08	9.829891e-08
4.041999999999970e+00	2.655708e+00	7.427801e-08	2.405089e-08	9.830038e-08
4.042999999999970e+00	2.656310e+00	7.477804e-08	2.355232e-08	9.830187e-08
4.043999999999970e+00	2.656916e+00	7.527187e-08	2.305997e-08	9.830336e-08
4.044999999999971e+00	2.657526e+00	7.575942e-08	2.257390e-08	9.830486e-08
4.045999999999971e+00	2.658139e+00	7.624065e-08	2.209417e-08	9.830637e-08
4.046999999999971e+00	2.658757e+00	7.671549e-08	2.162083e-08	9.830789e-08
4.047999999999972e+00	2.659379e+00	7.718391e-08	2.115394e-08	9.830942e-08
4.048999999999972e+00	2.660004e+00	7.764584e-08	2.069353e-08	9.831096e-08
4.049999999999972e+00	2.660634e+00	7.810127e-08	2.023964e-08	9.831251e-08
4.050999999999973e+00	2.661267e+00	7.855014e-08	1.979230e-08	9.831407e-08
4.051999999999973e+00	2.661903e+00	7.899244e-08	1.935156e-08	9.831564e-08
4.052999999999973e+00	2.662544e+00	7.942813e-08	1.891742e-08	9.831722e-08
4.053999999999974e+00	2.663188e+00	7.985721e-08	1.848992e-08	9.831880e-08
4.054999999999974e+00	2.663836e+00	8.027964e-08	1.806906e-08	9.832039e-08
4.055999999999974e+00	2.664487e+00	8.069543e-08	1.765486e-08	9.832200e-08
4.056999999999975e+00	2.665142e+00	8.110457e-08	1.724732e-08	9.832361e-08
4.057999999999975e+00	2.665800e+00	8.150704e-08	1.684645e-08	9.832523e-08
4.058999999999975e+00	2.666462e+00	8.190286e-08	1.645224e-08	9.832686e-08
4.059999999999976e+00	2.667127e+00	8.229203e-08	1.606469e-08	9.832849e-08
4.060999999999976e+00	2.667795e+00	8.267456e-08	1.568379e-08	9.833014e-08
4.061999999999976e+00	2.668467e+00	8.305047e-08	1.530952e-08	9.833179e-08
4.062999999999977e+00	2.669142e+00	8.341977e-08	1.494186e-08	9.833345e-08
4.063999999999977e+00	2.669821e+00	8.378248e-08	1.458080e-08	9.833512e-08
4.064999999999977e+00	2.670503e+00	8.413864e-08	1.422630e-08	9.833680e-08
4.065999999999978e+00	2.671187e+00	8.448827e-08	1.387834e-08	9.833848e-08
4.066999999999978e+00	2.671875e+00	8.483141e-08	1.353688e-08	9.834018e-08
4.067999999999978e+00	2.672566e+00	8.516808e-08	1.320189e-08	9.834188e-08
4.068999999999979e+00	2.673260e+00	8.549834e-08	1.287332e-08	9.834358e-08
4.069999999999979e+00	2.673957e+00	8.582222e-08	1.255114e-08	9.834530e-08
4.070999999999979e+00	2.674657e+00	8.613977e-08	1.223530e-08	9.834702e-08
4.071999999999980e+00	2.675360e+00	8.645105e-08	1.192574e-08	9.834875e-08
4.072999999999980e+00	2.676066e+00	8.675609e-08	1.162242e-08	9.835048e-08
4.073999999999980e+00	2.676774e+00	8.705496e-08	1.132527e-08	9.835223e-08
4.074999999999981e+00	2.677485e+00	8.734771e-08	1.103425e-08	9.835398e-08
4.075999999999981e+00	2.678199e+00	8.763440e-08	1.074930e-08	9.835573e-08
4.076999999999981e+00	2.678916e+00	8.791510e-08	1.047035e-08	9.835750e-08
4.077999999999982e+00	2.679635e+00	8.818987e-08	1.019733e-08	9.835927e-08
4.078999999999982e+00	2.680357e+00	8.845878e-08	9.930184e-09	9.836104e-08
4.079999999999982e+00	2.681082e+00	8.872189e-08	9.668840e-09	9.836282e-08
4.080999999999983e+00	2.681808e+00	8.897927e-08	9.413229e-09	9.836461e-08
4.081999999999983e+00	2.682538e+00	8.923100e-08	9.163279e-09	9.836640e-08
4.082999999999983e+00	2.683270e+00	8.947715e-08	8.918916e-09	9.836820e-08
4.083999999999984e+00	2.684004e+00	8.971779e-08	8.680066e-09	9.837000e-08
4.084999999999984e+00	2.684740e+00	8.995300e-08	8.446651e-09	9.837181e-08
4.085999999999984e+00	2.685478e+00	9.018285e-08	8.218596e-09	9.837363e-08
4.086999999999985e+00	2.686219e+00	9.040743e-08	7.995821e-09	9.837545e-08
4.087999999999985e+00	2.686963e+00	9.062682e-08	7.778247e-09	9.837728e-08
4.088999999999985e+00	2.687708e+00	9.084108e-08	7.565794e-09	9.837911e-08
4.089999999999986e+00	2.688455e+00	9.105032e-08	7.358382e-09	9.838095e-08
4.090999999999986e+00	2.689204e+00	9.125460e-08	7.155928e-09	9.838279e-08
4.091999999999986e+00	2.689956e+00	9.145401e-08	6.958351e-09	9.838464e-08
4.092999999999987e+00	2.690709e+00	9.164863e-08	6.765569e-09	9.838649e-08
4.093999999999987e+00	2.691464e+00	9.183854e-08	6.577497e-09	9.838835e-08
4.094999999999987e+00	2.692222e+00	9.202383e-08	6.394054e-09	9.839021e-08
4.095999999999988e+00	2.692981e+00	9.220458e-08	6.215156e-09	9.839207e-08
4.096999999999988e+00	2.693742e+00	9.238087e-08	6.040721e-09	9.839394e-08
4.097999999999988e+00	2.694504e+00	9.255279e-08	5.870665e-09	9.839582e-08
4.098999999999989e+00	2.695268e+00	9.272041e-08	5.704905e-09	9.839769e-08
4.099999999999989e+00	2.696034e+00	9.288382e-08	5.543358e-09	9.839957e-08
4.100999999999989e+00	2.696802e+00	9.304311e-08	5.385942e-09	9.840146e-08
4.101999999999990e+00	2.697572e+00	9.319835e-08	5.232575e-09	9.840335e-08
4.102999999999990e+00	2.698342e+00	9.334963e-08	5.083175e-09	9.840524e-08
4.103999999999990e+00	2.699115e+00	9.349703e-08	4.937661e-09	9.840715e-08
4.104999999999991e+00	2.699889e+00	9.364063e-08	4.795953e-09	9.840905e-08
4.105999999999991e+00	2.700664e+00	9.378050e-08	4.657969e-09	9.841095e-08
4.106999999999991e+00	2.701441e+00	9.391673e-08	4.523632e-09	9.841286e-08
4.107999999999992e+00	2.702219e+00	9.404940e-08	4.392862e-09	9.841477e-08
4.108999999999992e+00	2.702999e+00	9.417858e-08	4.265582e-09	9.841669e-08
4.109999999999992e+00	2.703780e+00	9.430435e-08	4.141714e-09	9.841861e-08
4.110999999999993e+00	2.704562e+00	9.442680e-08	4.021182e-09	9.842053e-08
4.111999999999993e+00	2.705346e+00	9.454597e-08	3.903911e-09	9.842245e-08
4.112999999999993e+00	2.706131e+00	9.466197e-08	3.789826e-09	9.842438e-08
4.113999999999994e+00	2.706917e+00	9.477486e-08	3.678855e-09	9.842631e-08
4.114999999999994e+00	2.707704e+00	9.488471e-08	3.570924e-09	9.842825e-08
4.115999999999994e+00	2.708492e+00	9.499159e-08	3.465963e-09	9.843018e-08
4.116999999999995e+00	2.709282e+00	9.509559e-08	3.363900e-09	9.843212e-08
4.117999999999995e+00	2.710072e+00	9.519675e-08	3.264667e-09	9.843406e-08
4.118999999999995e+00	2.710864e+00	9.529515e-08	3.168194e-09	9.843600e-08
4.119999999999996e+00	2.711657e+00	9.539086e-08	3.074416e-09	9.843795e-08
4.120999999999996e+00	2.712450e+00	9.548395e-08	2.983265e-09	9.843991e-08
4.121999999999996e+00	2.713245e+00	9.557447e-08	2.894677e-09	9.844185e-08
4.122999999999997e+00	2.714041e+00	9.566250e-08	2.808588e-09	9.844381e-08
4.123999999999997e+00	2.714837e+00	9.574809e-08	2.724936e-09	9.844576e-08
4.124999999999997e+00	2.715635e+00	9.583132e-08	2.643658e-09	9.844772e-08
4.125999999999998e+00	2.716433e+00	9.591223e-08	2.564695e-09	9.844968e-08
4.126999999999998e+00	2.717232e+00	9.599088e-08	2.487987e-09	9.845164e-08
4.127999999999998e+00	2.718032e+00	9.606735e-08	2.413475e-09	9.845360e-08
4.128999999999999e+00	2.718833e+00	9.614168e-08	2.341104e-09	9.845557e-08
4.129999999999999e+00	2.719635e+00	9.621392e-08	2.270817e-09	9.845754e-08
4.130999999999999e+00	2.720437e+00	9.628413e-08	2.202559e-09	9.845951e-08
4.132000000000000e+00	2.721241e+00	9.635237e-08	2.136276e-09	9.846148e-08
4.133000000000000e+00	2.722044e+00	9.641869e-08	2.071918e-09	9.846346e-08
4.134000000000000e+00	2.722849e+00	9.648314e-08	2.009431e-09	9.846543e-08
4.135000000000001e+00	2.723655e+00	9.654577e-08	1.948766e-09	9.846741e-08
4.136000000000001e+00	2.724461e+00	9.660663e-08	1.889874e-09	9.846939e-08
4.137000000000001e+00	2.725267e+00	9.666577e-08	1.832706e-09	9.847137e-08
4.138000000000002e+00	2.726075e+00	9.672322e-08	1.777217e-09	9.847335e-08
4.139000000000002e+00	2.726883e+00	9.677905e-08	1.723359e-09	9.847533e-08
4.140000000000002e+00	2.727691e+00	9.683329e-08	1.671089e-09	9.847732e-08
4.141000000000003e+00	2.728501e+00	9.688599e-08	1.620362e-09	9.847930e-08
4.142000000000003e+00	2.729310e+00	9.693719e-08	1.571135e-09	9.848129e-08
4.143000000000003e+00	2.730120e+00	9.698694e-08	1.523368e-09	9.848328e-08
4.144000000000004e+00	2.730931e+00	9.703526e-08	1.477019e-09	9.848527e-08
4.145000000000004e+00	2.731743e+00	9.708221e-08	1.432048e-09	9.848726e-08
4.146000000000004e+00	2.732555e+00	9.712782e-08	1.388418e-09	9.848925e-08
4.147000000000005e+00	2.733367e+00	9.717213e-08	1.346089e-09	9.849125e-08
4.148000000000005e+00	2.734180e+00	9.721518e-08	1.305026e-09	9.849324e-08
4.149000000000005e+00	2.734993e+00	9.725700e-08	1.265191e-09	9.849524e-08
4.150000000000006e+00	2.735807e+00	9.729762e-08	1.226551e-09	9.849723e-08
4.151000000000006e+00	2.736621e+00	9.733709e-08	1.189072e-09	9.849923e-08
4.152000000000006e+00	2.737436e+00	9.737543e-08	1.152719e-09	9.850123e-08
4.153000000000007e+00	2.738251e+00	9.741267e-08	1.117461e-09	9.850323e-08
4.154000000000007e+00	2.739066e+00	9.744886e-08	1.083265e-09	9.850523e-08
4.155000000000007e+00	2.739882e+00	9.748401e-08	1.050102e-09	9.850723e-08
4.156000000000008e+00	2.740699e+00	9.751817e-08	1.017942e-09	9.850923e-08
4.157000000000008e+00	2.741515e+00	9.755134e-08	9.867541e-10	9.851124e-08
4.158000000000008e+00	2.742332e+00	9.758358e-08	9.565115e-10	9.851324e-08
4.159000000000009e+00	2.743150e+00	9.761490e-08	9.271864e-10	9.851524e-08
4.160000000000009e+00	2.743967e+00	9.764533e-08	8.987517e-10	9.851725e-08
4.161000000000009e+00	2.744785e+00	9.767489e-08	8.711815e-10	9.851926e-08
4.162000000000010e+00	2.745604e+00	9.770362e-08	8.444502e-10	9.852126e-08
4.163000000000010e+00	2.746422e+00	9.773154e-08	8.185332e-10	9.852327e-08
4.164000000000010e+00	2.747241e+00	9.775866e-08	7.934065e-10	9.852528e-08
4.165000000000011e+00	2.748061e+00	9.778502e-08	7.690467e-10	9.852729e-08
4.166000000000011e+00	2.748880e+00	9.781063e-08	7.454311e-10	9.852930e-08
4.167000000000011e+00	2.749700e+00	9.783552e-08	7.225375e-10	9.853131e-08
4.168000000000012e+00	2.750520e+00	9.785972e-08	7.003446e-10	9.853332e-08
4.169000000000012e+00	2.751341e+00	9.788323e-08	6.788314e-10	9.853534e-08
4.170000000000012e+00	2.752161e+00	9.790609e-08	6.579778e-10	9.853735e-08
4.171000000000013e+00	2.752982e+00	9.792831e-08	6.377639e-10	9.853936e-08
4.172000000000013e+00	2.753803e+00	9.794990e-08	6.181706e-10	9.854138e-08
4.173000000000013e+00	2.754625e+00	9.797090e-08	5.991794e-10	9.854339e-08
4.174000000000014e+00	2.755446e+00	9.799130e-08	5.807721e-10	9.854541e-08
4.175000000000014e+00	2.756268e+00	9.801115e-08	5.629313e-10	9.854742e-08
4.176000000000014e+00	2.757090e+00	9.803045e-08	5.456397e-10	9.854944e-08
4.177000000000015e+00	2.757912e+00	9.804921e-08	5.288810e-10	9.855145e-08
4.178000000000015e+00	2.758735e+00	9.806746e-08	5.126389e-10	9.855346e-08
4.179000000000015e+00	2.759557e+00	9.808521e-08	4.968980e-10	9.855548e-08
4.180000000000016e+00	2.760380e+00	9.810248e-08	4.816430e-10	9.855750e-08
4.181000000000016e+00	2.761203e+00	9.811927e-08	4.668592e-10	9.855952e-08
4.182000000000016e+00	2.762027e+00	9.813560e-08	4.525323e-10	9.856154e-08
4.183000000000017e+00	2.762850e+00	9.815149e-08	4.386484e-10	9.856355e-08
4.184000000000017e+00	2.763674e+00	9.816696e-08	4.251941e-10	9.856558e-08
4.185000000000017e+00	2.764497e+00	9.818200e-08	4.121563e-10	9.856760e-08
4.186000000000018e+00	2.765321e+00	9.819664e-08	3.995222e-10	9.856961e-08
4.187000000000018e+00	2.766145e+00	9.821090e-08	3.872797e-10	9.857163e-08
4.188000000000018e+00	2.766969e+00	9.822477e-08	3.754167e-10	9.857366e-08
4.189000000000019e+00	2.767794e+00	9.823828e-08	3.639217e-10	9.857568e-08
4.190000000000019e+00	2.768618e+00	9.825143e-08	3.527833e-10	9.857770e-08
4.191000000000019e+00	2.769443e+00	9.826423e-08	3.419908e-10	9.857972e-08
4.192000000000020e+00	2.770268e+00	9.827670e-08	3.315334e-10	9.858174e-08
4.193000000000020e+00	2.771093e+00	9.828884e-08	3.214009e-10	9.858376e-08
4.194000000000020e+00	2.771918e+00	9.830067e-08	3.115834e-10	9.858579e-08
4.195000000000021e+00	2.772743e+00	9.831220e-08	3.020711e-10	9.858781e-08
4.196000000000021e+00	2.773568e+00	9.832343e-08	2.928547e-10	9.858983e-08
4.197000000000021e+00	2.774394e+00	9.833438e-08	2.839251e-10	9.859185e-08
4.198000000000022e+00	2.775219e+00	9.834504e-08	2.752735e-10	9.859388e-08
4.199000000000022e+00	2.776045e+00	9.835544e-08	2.668913e-10	9.859590e-08
4.200000000000022e+00	2.776871e+00	9.836558e-08	2.587702e-10	9.859793e-08
4.201000000000023e+00	2.777697e+00	9.837546e-08	2.509021e-10	9.859995e-08
4.202000000000023e+00	2.778523e+00	9.838509e-08	2.432793e-10	9.860197e-08
4.203000000000023e+00	2.779349e+00	9.839449e-08	2.358941e-10	9.860400e-08
4.204000000000024e+00	2.780175e+00	9.840367e-08	2.287393e-10	9.860602e-08
4.205000000000024e+00	2.781001e+00	9.841261e-08	2.218077e-10	9.860805e-08
4.206000000000024e+00	2.781828e+00	9.842135e-08	2.150924e-10	9.861007e-08
4.207000000000025e+00	2.782654e+00	9.842987e-08	2.085867e-10	9.861210e-08
4.208000000000025e+00	2.783481e+00	9.843819e-08	2.022841e-10	9.861412e-08
4.209000000000025e+00	2.784307e+00	9.844631e-08	1.961784e-10	9.861616e-08
4.210000000000026e+00	2.785134e+00	9.845424e-08	1.902634e-10	9.861818e-08
4.211000000000026e+00	2.785961e+00	9.846199e-08	1.845332e-10	9.862021e-08
4.212000000000026e+00	2.786788e+00	9.846956e-08	1.789821e-10	9.862223e-08
4.213000000000027e+00	2.787615e+00	9.847695e-08	1.736046e-10	9.862426e-08
4.214000000000027e+00	2.788442e+00	9.848418e-08	1.683952e-10	9.862628e-08
4.215000000000027e+00	2.789269e+00	9.849124e-08	1.633487e-10	9.862831e-08
4.216000000000028e+00	2.790097e+00	9.849815e-08	1.584600e-10	9.863034e-08
4.217000000000028e+00	2.790924e+00	9.850491e-08	1.537244e-10	9.863236e-08
4.218000000000028e+00	2.791751e+00	9.851151e-08	1.491369e-10	9.863439e-08
4.219000000000029e+00	2.792579e+00	9.851797e-08	1.446930e-10	9.863642e-08
4.220000000000029e+00	2.793406e+00	9.852430e-08	1.403882e-10	9.863844e-08
4.221000000000029e+00	2.794234e+00	9.853049e-08	1.362182e-10	9.864048e-08
4.222000000000030e+00	2.795062e+00	9.853655e-08	1.321788e-10	9.864250e-08
4.223000000000030e+00	2.795889e+00	9.854248e-08	1.282660e-10	9.864453e-08
4.224000000000030e+00	2.796717e+00	9.854829e-08	1.244757e-10	9.864656e-08
4.225000000000031e+00	2.797545e+00	9.855398e-08	1.208041e-10	9.864858e-08
4.226000000000031e+00	2.798373e+00	9.855956e-08	1.172476e-10	9.865062e-08
4.227000000000031e+00	2.799201e+00	9.856502e-08	1.138026e-10	9.865264e-08
4.228000000000032e+00	2.800029e+00	9.857038e-08	1.104656e-10	9.865467e-08
4.229000000000032e+00	2.800857e+00	9.857563e-08	1.072332e-10	9.865670e-08
4.230000000000032e+00	2.801685e+00	9.858078e-08	1.041022e-10	9.865873e-08
4.231000000000033e+00	2.802513e+00	9.858584e-08	1.010693e-10	9.866076e-08
4.232000000000033e+00	2.803341e+00	9.859080e-08	9.813161e-11	9.866279e-08
4.233000000000033e+00	2.804170e+00	9.859566e-08	9.528604e-11	9.866482e-08
4.234000000000034e+00	2.804998e+00	9.860045e-08	9.252974e-11	9.866685e-08
4.235000000000034e+00	2.805826e+00	9.860513e-08	8.985993e-11	9.866888e-08
4.236000000000034e+00	2.806655e+00	9.860974e-08	8.727389e-11	9.867090e-08
4.237000000000035e+00	2.807483e+00	9.861427e-08	8.476902e-11	9.867293e-08
4.238000000000035e+00	2.808312e+00	9.861871e-08	8.234277e-11	9.867497e-08
4.239000000000035e+00	2.809140e+00	9.862309e-08	7.999269e-11	9.867699e-08
4.240000000000036e+00	2.809969e+00	9.862739e-08	7.771638e-11	9.867902e-08
4.241000000000036e+00	2.810797e+00	9.863162e-08	7.551154e-11	9.868106e-08
4.242000000000036e+00	2.811626e+00	9.863577e-08	7.337594e-11	9.868309e-08
4.243000000000037e+00	2.812455e+00	9.863987e-08	7.130742e-11	9.868511e-08
4.244000000000037e+00	2.813284e+00	9.864389e-08	6.930385e-11	9.868715e-08
4.245000000000037e+00	2.814112e+00	9.864785e-08	6.736322e-11	9.868918e-08
4.246000000000038e+00	2.814941e+00	9.865175e-08	6.548356e-11	9.869120e-08
4.247000000000038e+00	2.815770e+00	9.865560e-08	6.366294e-11	9.869323e-08
4.248000000000038e+00	2.816599e+00	9.865938e-08	6.189953e-11	9.869527e-08
4.249000000000039e+00	2.817428e+00	9.866312e-08	6.019153e-11	9.869730e-08
4.250000000000039e+00	2.818257e+00	9.866680e-08	5.853720e-11	9.869933e-08
4.251000000000039e+00	2.819086e+00	9.867042e-08	5.693486e-11	9.870136e-08
4.252000000000040e+00	2.819915e+00	9.867399e-08	5.538289e-11	9.870339e-08
4.253000000000040e+00	2.820744e+00	9.867752e-08	5.387970e-11	9.870542e-08
4.254000000000040e+00	2.821573e+00	9.868101e-08	5.242376e-11	9.870745e-08
4.255000000000041e+00	2.822403e+00	9.868444e-08	5.101359e-11	9.870949e-08
4.256000000000041e+00	2.823232e+00	9.868783e-08	4.964776e-11	9.871152e-08
4.257000000000041e+00	2.824061e+00	9.869117e-08	4.832486e-11	9.871354e-08
4.258000000000042e+00	2.824890e+00	9.869448e-08	4.704357e-11	9.871557e-08
4.259000000000042e+00	2.825720e+00	9.869775e-08	4.580258e-11	9.871761e-08
4.260000000000042e+00	2.826549e+00	9.870097e-08	4.460060e-11	9.871964e-08
4.261000000000043e+00	2.827378e+00	9.870416e-08	4.343644e-11	9.872167e-08
4.262000000000043e+00	2.828208e+00	9.870731e-08	4.230889e-11	9.872370e-08
4.263000000000043e+00	2.829037e+00	9.871043e-08	4.121679e-11	9.872574e-08
4.264000000000044e+00	2.829867e+00	9.871351e-08	4.015907e-11	9.872777e-08
4.265000000000044e+00	2.830696e+00	9.871656e-08	3.913461e-11	9.872980e-08
4.266000000000044e+00	2.831526e+00	9.871958e-08	3.814238e-11	9.873183e-08
4.267000000000045e+00	2.832355e+00	9.872257e-08	3.718137e-11	9.873386e-08
4.268000000000045e+00	2.833185e+00	9.872552e-08	3.625060e-11	9.873590e-08
4.269000000000045e+00	2.834014e+00	9.872845e-08	3.534911e-11	9.873793e-08
4.270000000000046e+00	2.834844e+00	9.873135e-08	3.447599e-11	9.873996e-08
4.271000000000046e+00	2.835674e+00	9.873422e-08	3.363036e-11	9.874199e-08
4.272000000000046e+00	2.836503e+00	9.873706e-08	3.281133e-11	9.874402e-08
4.273000000000047e+00	2.837333e+00	9.873988e-08	3.201807e-11	9.874606e-08
4.274000000000047e+00	2.838163e+00	9.874267e-08	3.124979e-11	9.874809e-08
4.275000000000047e+00	2.838993e+00	9.874545e-08	3.050568e-11	9.875012e-08
4.276000000000048e+00	2.839822e+00	9.874820e-08	2.978500e-11	9.875215e-08
4.277000000000048e+00	2.840652e+00	9.875092e-08	2.908701e-11	9.875419e-08
4.278000000000048e+00	2.841482e+00	9.875362e-08	2.841099e-11	9.875622e-08
4.279000000000049e+00	2.842312e+00	9.875630e-08	2.775625e-11	9.875825e-08
4.280000000000049e+00	2.843142e+00	9.875896e-08	2.712213e-11	9.876028e-08
4.281000000000049e+00	2.843971e+00	9.876160e-08	2.650797e-11	9.876231e-08
4.282000000000050e+00	2.844801e+00	9.876423e-08	2.591314e-11	9.876435e-08
4.283000000000050e+00	2.845632e+00	9.876683e-08	2.533705e-11	9.876638e-08
4.284000000000050e+00	2.846462e+00	9.876941e-08	2.477910e-11	9.876842e-08
4.285000000000051e+00	2.847291e+00	9.877198e-08	2.423871e-11	9.877045e-08
4.286000000000051e+00	2.848121e+00	9.877453e-08	2.371535e-11	9.877248e-08
4.287000000000051e+00	2.848952e+00	9.877706e-08	2.320846e-11	9.877451e-08
4.288000000000052e+00	2.849782e+00	9.877958e-08	2.271754e-11	9.877655e-08
4.289000000000052e+00	2.850612e+00	9.878209e-08	2.224208e-11	9.877858e-08
4.290000000000052e+00	2.851442e+00	9.878458e-08	2.178161e-11	9.878061e-08
4.291000000000053e+00	2.852272e+00	9.878705e-08	2.133562e-11	9.878265e-08
4.292000000000053e+00	2.853102e+00	9.878951e-08	2.090369e-11	9.878468e-08
4.293000000000053e+00	2.853932e+00	9.879195e-08	2.048537e-11	9.878671e-08
4.294000000000054e+00	2.854763e+00	9.879439e-08	2.008022e-11	9.878875e-08
4.295000000000054e+00	2.855593e+00	9.879680e-08	1.968784e-11	9.879078e-08
4.296000000000054e+00	2.856423e+00	9.879921e-08	1.930781e-11	9.879282e-08
4.297000000000055e+00	2.857253e+00	9.880161e-08	1.893976e-11	9.879485e-08
4.298000000000055e+00	2.858084e+00	9.880399e-08	1.858331e-11	9.879688e-08
4.299000000000055e+00	2.858914e+00	9.880637e-08	1.823808e-11	9.879891e-08
4.300000000000056e+00	2.859744e+00	9.880873e-08	1.790373e-11	9.880095e-08
4.301000000000056e+00	2.860575e+00	9.881109e-08	1.757992e-11	9.880299e-08
4.302000000000056e+00	2.861405e+00	9.881342e-08	1.726631e-11	9.880502e-08
4.303000000000057e+00	2.862235e+00	9.881576e-08	1.696258e-11	9.880705e-08
4.304000000000057e+00	2.863066e+00	9.881808e-08	1.666843e-11	9.880909e-08
4.305000000000057e+00	2.863896e+00	9.882039e-08	1.638354e-11	9.881112e-08
4.306000000000058e+00	2.864727e+00	9.882270e-08	1.610763e-11	9.881315e-08
4.307000000000058e+00	2.865557e+00	9.882500e-08	1.584042e-11	9.881519e-08
4.308000000000058e+00	2.866388e+00	9.882729e-08	1.558163e-11	9.881722e-08
4.309000000000059e+00	2.867218e+00	9.882957e-08	1.533099e-11	9.881926e-08
4.310000000000059e+00	2.868049e+00	9.883184e-08	1.508826e-11	9.882130e-08
4.311000000000059e+00	2.868879e+00	9.883410e-08	1.485317e-11	9.882333e-08
4.312000000000060e+00	2.869710e+00	9.883636e-08	1.462550e-11	9.882536e-08
4.313000000000060e+00	2.870541e+00	9.883861e-08	1.440499e-11	9.882740e-08
4.314000000000060e+00	2.871371e+00	9.884085e-08	1.419145e-11	9.882943e-08
4.315000000000061e+00	2.872202e+00	9.884309e-08	1.398463e-11	9.883147e-08
4.316000000000061e+00	2.873032e+00	9.884532e-08	1.378433e-11	9.883350e-08
4.317000000000061e+00	2.873863e+00	9.884754e-08	1.359035e-11	9.883554e-08
4.318000000000062e+00	2.874694e+00	9.884976e-08	1.340248e-11	9.883757e-08
4.319000000000062e+00	2.875525e+00	9.885198e-08	1.322054e-11	9.883961e-08
4.320000000000062e+00	2.876355e+00	9.885418e-08	1.304433e-11	9.884165e-08
4.321000000000063e+00	2.877186e+00	9.885638e-08	1.287367e-11	9.884368e-08
4.322000000000063e+00	2.878017e+00	9.885858e-08	1.270840e-11	9.884572e-08
4.323000000000063e+00	2.878848e+00	9.886077e-08	1.254834e-11	9.884775e-08
4.324000000000064e+00	2.879678e+00	9.886296e-08	1.239332e-11	9.884979e-08
4.325000000000064e+00	2.880509e+00	9.886514e-08	1.224319e-11	9.885182e-08
4.326000000000064e+00	2.881340e+00	9.886731e-08	1.209780e-11	9.885386e-08
4.327000000000065e+00	2.882171e+00	9.886949e-08	1.195699e-11	9.885589e-08
4.328000000000065e+00	2.883002e+00	9.887165e-08	1.182062e-11	9.885793e-08
4.329000000000065e+00	2.883833e+00	9.887381e-08	1.168855e-11	9.885996e-08
4.330000000000066e+00	2.884664e+00	9.887597e-08	1.156064e-11	9.886200e-08
4.331000000000066e+00	2.885494e+00	9.887813e-08	1.143677e-11	9.886404e-08
4.332000000000066e+00	2.886326e+00	9.888028e-08	1.131681e-11	9.886607e-08
4.333000000000067e+00	2.887156e+00	9.888243e-08	1.120063e-11	9.886811e-08
4.334000000000067e+00	2.887988e+00	9.888457e-08	1.108811e-11	9.887015e-08
4.335000000000067e+00	2.888819e+00	9.888672e-08	1.097914e-11	9.887219e-08
4.336000000000068e+00	2.889650e+00	9.888885e-08	1.087362e-11	9.887422e-08
4.337000000000068e+00	2.890481e+00	9.889099e-08	1.077141e-11	9.887626e-08
4.338000000000068e+00	2.891312e+00	9.889312e-08	1.067243e-11	9.887829e-08
4.339000000000069e+00	2.892143e+00	9.889524e-08	1.057658e-11	9.888033e-08
4.340000000000069e+00	2.892974e+00	9.889737e-08	1.048374e-11	9.888237e-08
4.341000000000069e+00	2.893805e+00	9.889949e-08	1.039384e-11	9.888440e-08
4.342000000000070e+00	2.894636e+00	9.890162e-08	1.030677e-11	9.888644e-08
4.343000000000070e+00	2.895467e+00	9.890373e-08	1.022245e-11	9.888848e-08
4.344000000000070e+00	2.896298e+00	9.890584e-08	1.014078e-11	9.889051e-08
4.345000000000071e+00	2.897130e+00	9.890795e-08	1.006170e-11	9.889255e-08
4.346000000000071e+00	2.897961e+00	9.891006e-08	9.985106e-12	9.889459e-08
4.347000000000071e+00	2.898792e+00	9.891217e-08	9.910933e-12	9.889662e-08
4.348000000000072e+00	2.899623e+00	9.891428e-08	9.839095e-12	9.889866e-08
4.349000000000072e+00	2.900455e+00	9.891638e-08	9.769529e-12	9.890070e-08
4.350000000000072e+00	2.901286e+00	9.891848e-08	9.702155e-12	9.890274e-08
4.351000000000073e+00	2.902117e+00	9.892058e-08	9.636904e-12	9.890477e-08
4.352000000000073e+00	2.902949e+00	9.892268e-08	9.573717e-12	9.890681e-08
4.353000000000073e+00	2.903780e+00	9.892477e-08	9.512522e-12	9.890885e-08
4.354000000000074e+00	2.904611e+00	9.892687e-08	9.453259e-12	9.891089e-08
4.355000000000074e+00	2.905442e+00	9.892896e-08	9.395861e-12	9.891293e-08
4.356000000000074e+00	2.906274e+00	9.893105e-08	9.340280e-12	9.891496e-08
4.357000000000075e+00	2.907105e+00	9.893314e-08	9.286449e-12	9.891700e-08
4.358000000000075e+00	2.907937e+00	9.893522e-08	9.234321e-12	9.891904e-08
4.359000000000075e+00	2.908768e+00	9.893731e-08	9.183835e-12	9.892108e-08
4.360000000000076e+00	2.909600e+00	9.893939e-08	9.134939e-12	9.892312e-08
4.361000000000076e+00	2.910431e+00	9.894147e-08	9.087591e-12	9.892516e-08
4.362000000000076e+00	2.911263e+00	9.894355e-08	9.041739e-12	9.892720e-08
4.363000000000077e+00	2.912094e+00	9.894563e-08	8.997327e-12	9.892923e-08
4.364000000000077e+00	2.912926e+00	9.894771e-08	8.954323e-12	9.893127e-08
4.365000000000077e+00	2.913757e+00	9.894978e-08	8.912671e-12	9.893331e-08
4.366000000000078e+00	2.914589e+00	9.895187e-08	8.872339e-12	9.893535e-08
4.367000000000078e+00	2.915420e+00	9.895393e-08	8.833277e-12	9.893738e-08
4.368000000000078e+00	2.916252e+00	9.895601e-08	8.795452e-12	9.893942e-08
4.369000000000079e+00	2.917084e+00	9.895808e-08	8.758816e-12	9.894146e-08
4.370000000000079e+00	2.917915e+00	9.896015e-08	8.723334e-12	9.894350e-08
4.371000000000079e+00	2.918747e+00	9.896223e-08	8.688980e-12	9.894554e-08
4.372000000000080e+00	2.919579e+00	9.896429e-08	8.655705e-12	9.894758e-08
4.373000000000080e+00	2.920410e+00	9.896636e-08	8.623481e-12	9.894962e-08
4.374000000000080e+00	2.921242e+00	9.896843e-08	8.592271e-12	9.895166e-08
4.375000000000081e+00	2.922074e+00	9.897050e-08	8.562050e-12	9.895370e-08
4.376000000000081e+00	2.922905e+00	9.897256e-08	8.532786e-12	9.895574e-08
4.377000000000081e+00	2.923737e+00	9.897462e-08	8.504442e-12	9.895778e-08
4.378000000000082e+00	2.924569e+00	9.897669e-08	8.476993e-12	9.895982e-08
4.379000000000082e+00	2.925401e+00	9.897875e-08	8.450412e-12	9.896186e-08
4.380000000000082e+00	2.926233e+00	9.898081e-08	8.424667e-12	9.896390e-08
4.381000000000083e+00	2.927064e+00	9.898287e-08	8.399738e-12	9.896594e-08
4.382000000000083e+00	2.927896e+00	9.898494e-08	8.375595e-12	9.896798e-08
4.383000000000083e+00	2.928728e+00	9.898700e-08	8.352214e-12	9.897002e-08
4.384000000000084e+00	2.929560e+00	9.898906e-08	8.329576e-12	9.897206e-08
4.385000000000084e+00	2.930392e+00	9.899112e-08	8.307648e-12	9.897410e-08
4.386000000000084e+00	2.931224e+00	9.899318e-08	8.286411e-12	9.897614e-08
4.387000000000085e+00	2.932055e+00	9.899524e-08	8.265845e-12	9.897818e-08
4.388000000000085e+00	2.932888e+00	9.899729e-08	8.245931e-12	9.898022e-08
4.389000000000085e+00	2.933719e+00	9.899935e-08	8.226642e-12	9.898226e-08
4.390000000000086e+00	2.934551e+00	9.900140e-08	8.207969e-12	9.898431e-08
4.391000000000086e+00	2.935383e+00	9.900346e-08	8.189880e-12	9.898635e-08
4.392000000000087e+00	2.936215e+00	9.900552e-08	8.172365e-12	9.898839e-08
4.393000000000087e+00	2.937047e+00	9.900757e-08	8.155399e-12	9.899043e-08
4.394000000000087e+00	2.937880e+00	9.900963e-08	8.138973e-12	9.899247e-08
4.395000000000088e+00	2.938712e+00	9.901169e-08	8.123062e-12	9.899451e-08
4.396000000000088e+00	2.939543e+00	9.901374e-08	8.107657e-12	9.899655e-08
4.397000000000088e+00	2.940376e+00	9.901579e-08	8.092737e-12	9.899860e-08
4.398000000000089e+00	2.941208e+00	9.901785e-08	8.078288e-12	9.900064e-08
4.399000000000089e+00	2.942040e+00	9.901990e-08	8.064297e-12	9.900268e-08
4.400000000000000e+00	2.942872e+00	9.902195e-08	8.050748e-12	9.900472e-08
