vin	Ix(U1:SOURCE)
0.000000000000000e+00	1.425496e-08
1.000000000000000e-02	1.424633e-08
2.000000000000000e-02	1.423770e-08
3.000000000000000e-02	1.422907e-08
4.000000000000000e-02	1.422042e-08
5.000000000000000e-02	1.421178e-08
6.000000000000000e-02	1.420312e-08
7.000000000000001e-02	1.419446e-08
8.000000000000000e-02	1.418580e-08
9.000000000000000e-02	1.417713e-08
9.999999999999999e-02	1.416845e-08
1.100000000000000e-01	1.415977e-08
1.200000000000000e-01	1.415108e-08
1.300000000000000e-01	1.414239e-08
1.400000000000000e-01	1.413369e-08
1.500000000000000e-01	1.412498e-08
1.600000000000000e-01	1.411627e-08
1.700000000000000e-01	1.410756e-08
1.800000000000000e-01	1.409883e-08
1.900000000000000e-01	1.409010e-08
2.000000000000000e-01	1.408137e-08
2.100000000000000e-01	1.407263e-08
2.200000000000001e-01	1.406388e-08
2.300000000000001e-01	1.405513e-08
2.400000000000001e-01	1.404637e-08
2.500000000000001e-01	1.403760e-08
2.600000000000001e-01	1.402883e-08
2.700000000000001e-01	1.402006e-08
2.800000000000001e-01	1.401127e-08
2.900000000000001e-01	1.400248e-08
3.000000000000001e-01	1.399369e-08
3.100000000000001e-01	1.398489e-08
3.200000000000001e-01	1.397608e-08
3.300000000000001e-01	1.396727e-08
3.400000000000001e-01	1.395845e-08
3.500000000000001e-01	1.394962e-08
3.600000000000002e-01	1.394079e-08
3.700000000000002e-01	1.393195e-08
3.800000000000002e-01	1.392311e-08
3.900000000000002e-01	1.391426e-08
4.000000000000002e-01	1.390540e-08
4.100000000000002e-01	1.389654e-08
4.200000000000002e-01	1.388767e-08
4.300000000000002e-01	1.387879e-08
4.400000000000002e-01	1.386991e-08
4.500000000000002e-01	1.386102e-08
4.600000000000002e-01	1.385213e-08
4.700000000000003e-01	1.384323e-08
4.800000000000003e-01	1.383432e-08
4.900000000000003e-01	1.382541e-08
5.000000000000002e-01	1.381649e-08
5.100000000000002e-01	1.380756e-08
5.200000000000002e-01	1.379863e-08
5.300000000000002e-01	1.378969e-08
5.400000000000003e-01	1.378075e-08
5.500000000000003e-01	1.377179e-08
5.600000000000003e-01	1.376284e-08
5.700000000000003e-01	1.375387e-08
5.800000000000003e-01	1.374490e-08
5.900000000000003e-01	1.373592e-08
6.000000000000003e-01	1.372694e-08
6.100000000000003e-01	1.371795e-08
6.200000000000003e-01	1.370895e-08
6.300000000000003e-01	1.369995e-08
6.400000000000003e-01	1.369094e-08
6.500000000000004e-01	1.368192e-08
6.600000000000004e-01	1.367289e-08
6.700000000000004e-01	1.366386e-08
6.800000000000004e-01	1.365483e-08
6.900000000000004e-01	1.364578e-08
7.000000000000004e-01	1.363673e-08
7.100000000000004e-01	1.362768e-08
7.200000000000004e-01	1.361861e-08
7.300000000000004e-01	1.360954e-08
7.400000000000004e-01	1.360047e-08
7.500000000000004e-01	1.359138e-08
7.600000000000005e-01	1.358229e-08
7.700000000000005e-01	1.357319e-08
7.800000000000005e-01	1.356409e-08
7.900000000000005e-01	1.355498e-08
8.000000000000005e-01	1.354586e-08
8.100000000000005e-01	1.353673e-08
8.200000000000005e-01	1.352760e-08
8.300000000000005e-01	1.351846e-08
8.400000000000005e-01	1.350932e-08
8.500000000000005e-01	1.350017e-08
8.600000000000005e-01	1.349101e-08
8.700000000000006e-01	1.348184e-08
8.800000000000006e-01	1.347267e-08
8.900000000000006e-01	1.346348e-08
9.000000000000006e-01	1.345430e-08
9.100000000000006e-01	1.344510e-08
9.200000000000006e-01	1.343590e-08
9.300000000000006e-01	1.342669e-08
9.400000000000006e-01	1.341748e-08
9.500000000000006e-01	1.340825e-08
9.600000000000006e-01	1.339902e-08
9.700000000000006e-01	1.338979e-08
9.800000000000006e-01	1.338054e-08
9.900000000000007e-01	1.337129e-08
1.000000000000001e+00	1.336203e-08
1.010000000000001e+00	1.335276e-08
1.020000000000001e+00	1.334349e-08
1.030000000000001e+00	1.333421e-08
1.040000000000001e+00	1.332492e-08
1.050000000000001e+00	1.331563e-08
1.060000000000001e+00	1.330632e-08
1.070000000000001e+00	1.329701e-08
1.080000000000001e+00	1.328770e-08
1.090000000000001e+00	1.327837e-08
1.100000000000001e+00	1.326904e-08
1.110000000000001e+00	1.325970e-08
1.120000000000001e+00	1.325035e-08
1.130000000000001e+00	1.324100e-08
1.140000000000001e+00	1.323164e-08
1.150000000000001e+00	1.322227e-08
1.160000000000001e+00	1.321289e-08
1.170000000000001e+00	1.320350e-08
1.180000000000001e+00	1.319411e-08
1.190000000000001e+00	1.318471e-08
1.200000000000001e+00	1.317530e-08
1.210000000000001e+00	1.316589e-08
1.220000000000001e+00	1.315647e-08
1.230000000000001e+00	1.314704e-08
1.240000000000001e+00	1.313760e-08
1.250000000000001e+00	1.312815e-08
1.260000000000001e+00	1.311870e-08
1.270000000000001e+00	1.310924e-08
1.280000000000001e+00	1.309977e-08
1.290000000000001e+00	1.309029e-08
1.300000000000001e+00	1.308080e-08
1.310000000000001e+00	1.307131e-08
1.320000000000001e+00	1.306181e-08
1.330000000000001e+00	1.305230e-08
1.340000000000001e+00	1.304279e-08
1.350000000000001e+00	1.303326e-08
1.360000000000001e+00	1.302373e-08
1.370000000000001e+00	1.301419e-08
1.380000000000001e+00	1.300464e-08
1.390000000000001e+00	1.299509e-08
1.400000000000001e+00	1.298552e-08
1.410000000000001e+00	1.297595e-08
1.420000000000001e+00	1.296637e-08
1.430000000000001e+00	1.295678e-08
1.440000000000001e+00	1.294718e-08
1.450000000000001e+00	1.293758e-08
1.460000000000001e+00	1.292796e-08
1.470000000000001e+00	1.291834e-08
1.480000000000001e+00	1.290871e-08
1.490000000000001e+00	1.289908e-08
1.500000000000001e+00	1.288943e-08
1.510000000000001e+00	1.287977e-08
1.520000000000001e+00	1.287011e-08
1.530000000000001e+00	1.286044e-08
1.540000000000001e+00	1.285076e-08
1.550000000000001e+00	1.284107e-08
1.560000000000001e+00	1.283138e-08
1.570000000000001e+00	1.282167e-08
1.580000000000001e+00	1.281196e-08
1.590000000000001e+00	1.280224e-08
1.600000000000001e+00	1.279251e-08
1.610000000000001e+00	1.278277e-08
1.620000000000001e+00	1.277302e-08
1.630000000000001e+00	1.276326e-08
1.640000000000001e+00	1.275350e-08
1.650000000000001e+00	1.274372e-08
1.660000000000001e+00	1.273394e-08
1.670000000000001e+00	1.272415e-08
1.680000000000001e+00	1.271435e-08
1.690000000000001e+00	1.270454e-08
1.700000000000001e+00	1.269473e-08
1.710000000000001e+00	1.268490e-08
1.720000000000001e+00	1.267506e-08
1.730000000000001e+00	1.266522e-08
1.740000000000001e+00	1.265537e-08
1.750000000000001e+00	1.264551e-08
1.760000000000001e+00	1.263564e-08
1.770000000000001e+00	1.262576e-08
1.780000000000001e+00	1.261587e-08
1.790000000000001e+00	1.260597e-08
1.800000000000001e+00	1.259606e-08
1.810000000000001e+00	1.258615e-08
1.820000000000001e+00	1.257622e-08
1.830000000000001e+00	1.256629e-08
1.840000000000001e+00	1.255634e-08
1.850000000000001e+00	1.254639e-08
1.860000000000001e+00	1.253643e-08
1.870000000000001e+00	1.252646e-08
1.880000000000001e+00	1.251648e-08
1.890000000000001e+00	1.250649e-08
1.900000000000001e+00	1.249649e-08
1.910000000000001e+00	1.248648e-08
1.920000000000001e+00	1.247646e-08
1.930000000000001e+00	1.246643e-08
1.940000000000002e+00	1.245640e-08
1.950000000000002e+00	1.244635e-08
1.960000000000002e+00	1.243630e-08
1.970000000000002e+00	1.242623e-08
1.980000000000002e+00	1.241615e-08
1.990000000000002e+00	1.240607e-08
2.000000000000001e+00	1.239598e-08
2.010000000000001e+00	1.238587e-08
2.020000000000001e+00	1.237576e-08
2.030000000000001e+00	1.236563e-08
2.040000000000000e+00	1.235550e-08
2.050000000000000e+00	1.234536e-08
2.060000000000000e+00	1.233520e-08
2.070000000000000e+00	1.232504e-08
2.080000000000000e+00	1.231487e-08
2.089999999999999e+00	1.230468e-08
2.099999999999999e+00	1.229449e-08
2.109999999999999e+00	1.228429e-08
2.119999999999999e+00	1.227408e-08
2.129999999999999e+00	1.226385e-08
2.139999999999998e+00	1.225362e-08
2.149999999999998e+00	1.224337e-08
2.159999999999998e+00	1.223312e-08
2.169999999999998e+00	1.222286e-08
2.179999999999997e+00	1.221258e-08
2.189999999999997e+00	1.220230e-08
2.199999999999997e+00	1.219200e-08
2.209999999999997e+00	1.218170e-08
2.219999999999997e+00	1.217138e-08
2.229999999999996e+00	1.216106e-08
2.239999999999996e+00	1.215072e-08
2.249999999999996e+00	1.214037e-08
2.259999999999996e+00	1.213001e-08
2.269999999999996e+00	1.211964e-08
2.279999999999995e+00	1.210927e-08
2.289999999999995e+00	1.209888e-08
2.299999999999995e+00	1.208848e-08
2.309999999999995e+00	1.207806e-08
2.319999999999995e+00	1.206764e-08
2.329999999999994e+00	1.205721e-08
2.339999999999994e+00	1.204677e-08
2.349999999999994e+00	1.203631e-08
2.359999999999994e+00	1.202585e-08
2.369999999999993e+00	1.201537e-08
2.379999999999993e+00	1.200488e-08
2.389999999999993e+00	1.199438e-08
2.399999999999993e+00	1.198387e-08
2.409999999999993e+00	1.197335e-08
2.419999999999992e+00	1.196282e-08
2.429999999999992e+00	1.195228e-08
2.439999999999992e+00	1.194172e-08
2.449999999999992e+00	1.193115e-08
2.459999999999992e+00	1.192058e-08
2.469999999999991e+00	1.190999e-08
2.479999999999991e+00	1.189939e-08
2.489999999999991e+00	1.188878e-08
2.499999999999991e+00	1.187815e-08
2.509999999999990e+00	1.186752e-08
2.519999999999990e+00	1.185687e-08
2.529999999999990e+00	1.184621e-08
2.539999999999990e+00	1.183554e-08
2.549999999999990e+00	1.182486e-08
2.559999999999989e+00	1.181417e-08
2.569999999999989e+00	1.180346e-08
2.579999999999989e+00	1.179275e-08
2.589999999999989e+00	1.178202e-08
2.599999999999989e+00	1.177128e-08
2.609999999999988e+00	1.176052e-08
2.619999999999988e+00	1.174976e-08
2.629999999999988e+00	1.173898e-08
2.639999999999988e+00	1.172819e-08
2.649999999999987e+00	1.171739e-08
2.659999999999987e+00	1.170658e-08
2.669999999999987e+00	1.169575e-08
2.679999999999987e+00	1.168491e-08
2.689999999999987e+00	1.167406e-08
2.699999999999986e+00	1.166320e-08
2.709999999999986e+00	1.165232e-08
2.719999999999986e+00	1.164143e-08
2.729999999999986e+00	1.163053e-08
2.739999999999986e+00	1.161962e-08
2.749999999999985e+00	1.160869e-08
2.759999999999985e+00	1.159775e-08
2.769999999999985e+00	1.158680e-08
2.779999999999985e+00	1.157583e-08
2.789999999999984e+00	1.156485e-08
2.799999999999984e+00	1.155386e-08
2.809999999999984e+00	1.154286e-08
2.819999999999984e+00	1.153184e-08
2.829999999999984e+00	1.152081e-08
2.839999999999983e+00	1.150977e-08
2.849999999999983e+00	1.149871e-08
2.859999999999983e+00	1.148764e-08
2.869999999999983e+00	1.147656e-08
2.879999999999983e+00	1.146546e-08
2.889999999999982e+00	1.145435e-08
2.899999999999982e+00	1.144322e-08
2.909999999999982e+00	1.143209e-08
2.919999999999982e+00	1.142094e-08
2.929999999999982e+00	1.140977e-08
2.939999999999981e+00	1.139859e-08
2.949999999999981e+00	1.138740e-08
2.959999999999981e+00	1.137619e-08
2.969999999999981e+00	1.136497e-08
2.979999999999980e+00	1.135374e-08
2.989999999999980e+00	1.134249e-08
2.999999999999980e+00	1.133122e-08
3.009999999999980e+00	1.131995e-08
3.019999999999980e+00	1.130865e-08
3.029999999999979e+00	1.129735e-08
3.039999999999979e+00	1.128603e-08
3.049999999999979e+00	1.127469e-08
3.059999999999979e+00	1.126334e-08
3.069999999999979e+00	1.125198e-08
3.079999999999978e+00	1.124060e-08
3.089999999999978e+00	1.122921e-08
3.099999999999978e+00	1.121780e-08
3.109999999999978e+00	1.120638e-08
3.119999999999977e+00	1.119494e-08
3.129999999999977e+00	1.118348e-08
3.139999999999977e+00	1.117202e-08
3.149999999999977e+00	1.116053e-08
3.159999999999977e+00	1.114903e-08
3.169999999999976e+00	1.113752e-08
3.179999999999976e+00	1.112599e-08
3.189999999999976e+00	1.111445e-08
3.199999999999976e+00	1.110288e-08
3.209999999999976e+00	1.109131e-08
3.219999999999975e+00	1.107972e-08
3.229999999999975e+00	1.106811e-08
3.239999999999975e+00	1.105648e-08
3.249999999999975e+00	1.104485e-08
3.259999999999974e+00	1.103319e-08
3.269999999999974e+00	1.102152e-08
3.279999999999974e+00	1.100983e-08
3.289999999999974e+00	1.099813e-08
3.299999999999974e+00	1.098640e-08
3.309999999999973e+00	1.097467e-08
3.319999999999973e+00	1.096291e-08
3.329999999999973e+00	1.095114e-08
3.339999999999973e+00	1.093936e-08
3.349999999999973e+00	1.092755e-08
3.359999999999972e+00	1.091573e-08
3.369999999999972e+00	1.090390e-08
3.379999999999972e+00	1.089204e-08
3.389999999999972e+00	1.088017e-08
3.399999999999971e+00	1.086828e-08
3.409999999999971e+00	1.085637e-08
3.419999999999971e+00	1.084445e-08
3.429999999999971e+00	1.083251e-08
3.439999999999971e+00	1.082055e-08
3.449999999999970e+00	1.080857e-08
3.459999999999970e+00	1.079658e-08
3.469999999999970e+00	1.078457e-08
3.479999999999970e+00	1.077254e-08
3.489999999999970e+00	1.076049e-08
3.499999999999969e+00	1.074842e-08
3.509999999999969e+00	1.073634e-08
3.519999999999969e+00	1.072423e-08
3.529999999999969e+00	1.071211e-08
3.539999999999969e+00	1.069997e-08
3.549999999999968e+00	1.068781e-08
3.559999999999968e+00	1.067564e-08
3.569999999999968e+00	1.066344e-08
3.579999999999968e+00	1.065122e-08
3.589999999999967e+00	1.063899e-08
3.599999999999967e+00	1.062673e-08
3.609999999999967e+00	1.061446e-08
3.619999999999967e+00	1.060217e-08
3.629999999999967e+00	1.058985e-08
3.639999999999966e+00	1.057752e-08
3.649999999999966e+00	1.056517e-08
3.659999999999966e+00	1.055279e-08
3.669999999999966e+00	1.054040e-08
3.679999999999966e+00	1.052799e-08
3.689999999999965e+00	1.051555e-08
3.699999999999965e+00	1.050310e-08
3.709999999999965e+00	1.049062e-08
3.719999999999965e+00	1.047813e-08
3.729999999999964e+00	1.046561e-08
3.739999999999964e+00	1.045307e-08
3.749999999999964e+00	1.044052e-08
3.759999999999964e+00	1.042794e-08
3.769999999999964e+00	1.041533e-08
3.779999999999963e+00	1.040271e-08
3.789999999999963e+00	1.039007e-08
3.799999999999963e+00	1.037740e-08
3.809999999999963e+00	1.036471e-08
3.819999999999963e+00	1.035200e-08
3.829999999999962e+00	1.033927e-08
3.839999999999962e+00	1.032651e-08
3.849999999999962e+00	1.031373e-08
3.859999999999962e+00	1.030093e-08
3.869999999999961e+00	1.028811e-08
3.879999999999961e+00	1.027526e-08
3.889999999999961e+00	1.026239e-08
3.899999999999961e+00	1.024949e-08
3.909999999999961e+00	1.023657e-08
3.919999999999960e+00	1.022363e-08
3.929999999999960e+00	1.021067e-08
3.939999999999960e+00	1.019768e-08
3.949999999999960e+00	1.018466e-08
3.959999999999960e+00	1.017162e-08
3.969999999999959e+00	1.015856e-08
3.979999999999959e+00	1.014547e-08
3.989999999999959e+00	1.013236e-08
3.999999999999959e+00	1.011922e-08
4.009999999999959e+00	1.010605e-08
4.019999999999959e+00	1.009286e-08
4.029999999999959e+00	1.007964e-08
4.039999999999958e+00	1.006640e-08
4.049999999999958e+00	1.005313e-08
4.059999999999958e+00	1.003984e-08
4.069999999999958e+00	1.002651e-08
4.079999999999957e+00	1.001317e-08
4.089999999999957e+00	9.999789e-09
4.099999999999957e+00	9.986384e-09
4.109999999999957e+00	9.972952e-09
4.119999999999957e+00	9.959493e-09
4.129999999999956e+00	9.946005e-09
4.139999999999956e+00	9.932488e-09
4.149999999999956e+00	9.918943e-09
4.159999999999956e+00	9.905369e-09
4.169999999999956e+00	9.891766e-09
4.179999999999955e+00	9.878133e-09
4.189999999999955e+00	9.864470e-09
4.199999999999955e+00	9.850777e-09
4.209999999999955e+00	9.837055e-09
4.219999999999954e+00	9.823300e-09
4.229999999999954e+00	9.809517e-09
4.239999999999954e+00	9.795701e-09
4.249999999999954e+00	9.781854e-09
4.259999999999954e+00	9.767975e-09
4.269999999999953e+00	9.754063e-09
4.279999999999953e+00	9.740120e-09
4.289999999999953e+00	9.726143e-09
4.299999999999953e+00	9.712134e-09
4.309999999999953e+00	9.698091e-09
4.319999999999952e+00	9.684014e-09
4.329999999999952e+00	9.669903e-09
4.339999999999952e+00	9.655757e-09
4.349999999999952e+00	9.641577e-09
4.359999999999951e+00	9.627361e-09
4.369999999999951e+00	9.613109e-09
4.379999999999951e+00	9.598822e-09
4.389999999999951e+00	9.584498e-09
4.399999999999951e+00	9.570137e-09
4.409999999999950e+00	9.555738e-09
4.419999999999950e+00	9.541301e-09
4.429999999999950e+00	9.526826e-09
4.439999999999950e+00	9.512313e-09
4.449999999999950e+00	9.497760e-09
4.459999999999949e+00	9.483168e-09
4.469999999999949e+00	9.468535e-09
4.479999999999949e+00	9.453862e-09
4.489999999999949e+00	9.439147e-09
4.499999999999948e+00	9.424390e-09
4.509999999999948e+00	9.409591e-09
4.519999999999948e+00	9.394750e-09
4.529999999999948e+00	9.379864e-09
4.539999999999948e+00	9.364935e-09
4.549999999999947e+00	9.349961e-09
4.559999999999947e+00	9.334941e-09
4.569999999999947e+00	9.319875e-09
4.579999999999947e+00	9.304762e-09
4.589999999999947e+00	9.289603e-09
4.599999999999946e+00	9.274395e-09
4.609999999999946e+00	9.259137e-09
4.619999999999946e+00	9.243830e-09
4.629999999999946e+00	9.228470e-09
4.639999999999946e+00	9.213060e-09
4.649999999999945e+00	9.197595e-09
4.659999999999945e+00	9.182075e-09
4.669999999999945e+00	9.166498e-09
4.679999999999945e+00	9.150861e-09
4.689999999999944e+00	9.135162e-09
4.699999999999944e+00	9.119397e-09
4.709999999999944e+00	9.103559e-09
4.719999999999944e+00	9.087641e-09
4.729999999999944e+00	9.071631e-09
4.739999999999943e+00	9.055515e-09
4.749999999999943e+00	9.039269e-09
4.759999999999943e+00	9.022861e-09
4.769999999999943e+00	9.006243e-09
4.779999999999943e+00	8.989346e-09
4.789999999999942e+00	8.972069e-09
4.799999999999942e+00	8.954264e-09
4.809999999999942e+00	8.935716e-09
4.819999999999942e+00	8.916108e-09
4.829999999999941e+00	8.894976e-09
4.839999999999941e+00	8.871640e-09
4.849999999999941e+00	8.845098e-09
4.859999999999941e+00	8.813083e-09
4.869999999999941e+00	8.772500e-09
4.879999999999940e+00	8.719427e-09
4.889999999999940e+00	8.648164e-09
4.899999999999940e+00	8.550482e-09
4.909999999999940e+00	8.414588e-09
4.919999999999940e+00	8.223769e-09
4.929999999999939e+00	7.954724e-09
4.939999999999939e+00	7.575702e-09
4.949999999999939e+00	7.044824e-09
4.959999999999939e+00	6.309257e-09
4.969999999999938e+00	5.306195e-09
4.979999999999938e+00	3.966382e-09
4.989999999999938e+00	2.219902e-09
5.000000000000000e+00	2.435064e-12
