time	V(vin)	V(vout)
0.000000000000000e+00	2.500000e+00	2.494916e+00
5.031553599973893e-05	2.500000e+00	2.494916e+00
1.015155359997402e-04	2.500000e+00	2.494916e+00
1.527155359997414e-04	2.500000e+00	2.494916e+00
2.039155359997427e-04	2.500000e+00	2.494916e+00
2.551155359997380e-04	2.500000e+00	2.494916e+00
3.063155359997114e-04	2.500000e+00	2.494916e+00
3.575155359996849e-04	2.500000e+00	2.494916e+00
4.087155359996584e-04	2.500000e+00	2.494916e+00
4.599155359996319e-04	2.500000e+00	2.494916e+00
5.111155359996301e-04	2.500000e+00	2.494916e+00
5.623155359996591e-04	2.500000e+00	2.494916e+00
6.135155359996881e-04	2.500000e+00	2.494916e+00
6.647155359997171e-04	2.500000e+00	2.494916e+00
7.159155359997461e-04	2.500000e+00	2.494916e+00
7.671155359997751e-04	2.500000e+00	2.494916e+00
8.183155359998041e-04	2.500000e+00	2.494916e+00
8.695155359998331e-04	2.500000e+00	2.494916e+00
9.207155359998621e-04	2.500000e+00	2.494916e+00
9.719155359998911e-04	2.500000e+00	2.494916e+00
1.000035000000000e-03	2.500700e+00	2.494916e+00
1.000912142857142e-03	2.518243e+00	2.494935e+00
1.001789285714283e-03	2.535786e+00	2.494965e+00
1.002666428571424e-03	2.553328e+00	2.495008e+00
1.003543571428566e-03	2.570871e+00	2.495062e+00
1.004420714285707e-03	2.588414e+00	2.495128e+00
1.005297857142849e-03	2.605957e+00	2.495207e+00
1.006174999999990e-03	2.623500e+00	2.495297e+00
1.007460714285702e-03	2.649214e+00	2.495424e+00
1.008746428571415e-03	2.674929e+00	2.495553e+00
1.010032142857127e-03	2.700643e+00	2.495682e+00
1.011317857142839e-03	2.726357e+00	2.495813e+00
1.012603571428551e-03	2.752071e+00	2.495944e+00
1.013889285714264e-03	2.777786e+00	2.496077e+00
1.015174999999976e-03	2.803500e+00	2.496210e+00
1.016282142857117e-03	2.825643e+00	2.496325e+00
1.017389285714258e-03	2.847786e+00	2.496439e+00
1.018496428571399e-03	2.869929e+00	2.496553e+00
1.019603571428540e-03	2.892071e+00	2.496668e+00
1.020710714285681e-03	2.914214e+00	2.496782e+00
1.021817857142822e-03	2.936357e+00	2.496897e+00
1.022924999999963e-03	2.958500e+00	2.497012e+00
1.022974999999963e-03	2.959500e+00	2.497017e+00
1.026574999999958e-03	3.031500e+00	2.497391e+00
1.030174999999952e-03	3.103500e+00	2.497765e+00
1.033774999999946e-03	3.175500e+00	2.498140e+00
1.037374999999940e-03	3.247500e+00	2.498515e+00
1.040974999999934e-03	3.319500e+00	2.498891e+00
1.044574999999929e-03	3.391500e+00	2.499268e+00
1.048174999999923e-03	3.463500e+00	2.499645e+00
1.051882142857060e-03	3.537643e+00	2.500034e+00
1.055589285714197e-03	3.611786e+00	2.500424e+00
1.059296428571334e-03	3.685929e+00	2.500814e+00
1.063003571428471e-03	3.760071e+00	2.501205e+00
1.066710714285607e-03	3.834214e+00	2.501597e+00
1.070417857142745e-03	3.908357e+00	2.501989e+00
1.074124999999881e-03	3.982500e+00	2.502382e+00
1.074174999999881e-03	3.983500e+00	2.502387e+00
1.077932142857041e-03	4.060195e+00	2.502786e+00
1.081689285714201e-03	4.135921e+00	2.503185e+00
1.085446428571361e-03	4.210676e+00	2.503585e+00
1.089203571428520e-03	4.284462e+00	2.503985e+00
1.092960714285680e-03	4.357278e+00	2.504387e+00
1.096717857142840e-03	4.429124e+00	2.504788e+00
1.100474999999999e-03	4.500000e+00	2.505191e+00
1.125224999999960e-03	4.500000e+00	2.507843e+00
1.176424999999878e-03	4.500000e+00	2.513329e+00
1.227624999999796e-03	4.500000e+00	2.518815e+00
1.278824999999714e-03	4.500000e+00	2.524299e+00
1.330024999999632e-03	4.500000e+00	2.529782e+00
1.381224999999550e-03	4.500000e+00	2.535264e+00
1.432424999999468e-03	4.500000e+00	2.540745e+00
1.483624999999386e-03	4.500000e+00	2.546226e+00
1.534824999999304e-03	4.500000e+00	2.551705e+00
1.586024999999222e-03	4.500000e+00	2.557183e+00
1.637224999999140e-03	4.500000e+00	2.562660e+00
1.688424999999058e-03	4.500000e+00	2.568136e+00
1.739624999998975e-03	4.500000e+00	2.573611e+00
1.790824999998893e-03	4.500000e+00	2.579084e+00
1.842024999998811e-03	4.500000e+00	2.584557e+00
1.893224999998729e-03	4.500000e+00	2.590029e+00
1.944424999998647e-03	4.500000e+00	2.595500e+00
1.995624999998750e-03	4.500000e+00	2.600969e+00
2.046824999998890e-03	4.500000e+00	2.606438e+00
2.098024999999030e-03	4.500000e+00	2.611905e+00
2.149224999999170e-03	4.500000e+00	2.617372e+00
2.200424999999310e-03	4.500000e+00	2.622837e+00
2.251624999999450e-03	4.500000e+00	2.628301e+00
2.302824999999590e-03	4.500000e+00	2.633765e+00
2.354024999999730e-03	4.500000e+00	2.639227e+00
2.405224999999870e-03	4.500000e+00	2.644688e+00
2.456425000000010e-03	4.500000e+00	2.650148e+00
2.507625000000150e-03	4.500000e+00	2.655607e+00
2.558825000000290e-03	4.500000e+00	2.661065e+00
2.610025000000430e-03	4.500000e+00	2.666522e+00
2.661225000000570e-03	4.500000e+00	2.671978e+00
2.712425000000710e-03	4.500000e+00	2.677432e+00
2.763625000000850e-03	4.500000e+00	2.682886e+00
2.814825000000990e-03	4.500000e+00	2.688339e+00
2.866025000001130e-03	4.500000e+00	2.693790e+00
2.917225000001270e-03	4.500000e+00	2.699240e+00
2.968425000001410e-03	4.500000e+00	2.704690e+00
3.019625000001550e-03	4.500000e+00	2.710138e+00
3.070825000001690e-03	4.500000e+00	2.715585e+00
3.122025000001830e-03	4.500000e+00	2.721031e+00
3.173225000001970e-03	4.500000e+00	2.726477e+00
3.224425000002110e-03	4.500000e+00	2.731920e+00
3.275625000002250e-03	4.500000e+00	2.737363e+00
3.326825000002390e-03	4.500000e+00	2.742805e+00
3.378025000002530e-03	4.500000e+00	2.748246e+00
3.429225000002670e-03	4.500000e+00	2.753686e+00
3.480425000002810e-03	4.500000e+00	2.759124e+00
3.531625000002950e-03	4.500000e+00	2.764562e+00
3.582825000003090e-03	4.500000e+00	2.769998e+00
3.634025000003230e-03	4.500000e+00	2.775433e+00
3.685225000003370e-03	4.500000e+00	2.780868e+00
3.736425000003510e-03	4.500000e+00	2.786301e+00
3.787625000003650e-03	4.500000e+00	2.791733e+00
3.838825000003791e-03	4.500000e+00	2.797164e+00
3.890025000003931e-03	4.500000e+00	2.802593e+00
3.941225000003767e-03	4.500000e+00	2.808022e+00
3.992425000003463e-03	4.500000e+00	2.813450e+00
4.043625000003159e-03	4.500000e+00	2.818877e+00
4.094825000002855e-03	4.500000e+00	2.824302e+00
4.146025000002551e-03	4.500000e+00	2.829726e+00
4.197225000002247e-03	4.500000e+00	2.835150e+00
4.248425000001943e-03	4.500000e+00	2.840572e+00
4.299625000001639e-03	4.500000e+00	2.845993e+00
4.350825000001335e-03	4.500000e+00	2.851413e+00
4.402025000001031e-03	4.500000e+00	2.856832e+00
4.453225000000727e-03	4.500000e+00	2.862250e+00
4.504425000000423e-03	4.500000e+00	2.867666e+00
4.555625000000119e-03	4.500000e+00	2.873082e+00
4.606824999999815e-03	4.500000e+00	2.878497e+00
4.658024999999510e-03	4.500000e+00	2.883910e+00
4.709224999999206e-03	4.500000e+00	2.889322e+00
4.760424999998902e-03	4.500000e+00	2.894733e+00
4.811624999998598e-03	4.500000e+00	2.900144e+00
4.862824999998294e-03	4.500000e+00	2.905553e+00
4.914024999997990e-03	4.500000e+00	2.910960e+00
4.965224999997686e-03	4.500000e+00	2.916367e+00
5.016424999997382e-03	4.500000e+00	2.921773e+00
5.067624999997078e-03	4.500000e+00	2.927177e+00
5.118824999996774e-03	4.500000e+00	2.932581e+00
5.170024999996470e-03	4.500000e+00	2.937983e+00
5.221224999996166e-03	4.500000e+00	2.943384e+00
5.272424999995862e-03	4.500000e+00	2.948784e+00
5.323624999995558e-03	4.500000e+00	2.954183e+00
5.374824999995254e-03	4.500000e+00	2.959581e+00
5.426024999994949e-03	4.500000e+00	2.964978e+00
5.477224999994645e-03	4.500000e+00	2.970373e+00
5.528424999994341e-03	4.500000e+00	2.975768e+00
5.579624999994037e-03	4.500000e+00	2.981161e+00
5.630824999993733e-03	4.500000e+00	2.986553e+00
5.682024999993429e-03	4.500000e+00	2.991945e+00
5.733224999993125e-03	4.500000e+00	2.997334e+00
5.784424999992821e-03	4.500000e+00	3.002723e+00
5.835624999992517e-03	4.500000e+00	3.008111e+00
5.886824999992213e-03	4.500000e+00	3.013498e+00
5.938024999991909e-03	4.500000e+00	3.018883e+00
5.989224999991605e-03	4.500000e+00	3.024267e+00
6.040424999991301e-03	4.500000e+00	3.029650e+00
6.091624999990997e-03	4.500000e+00	3.035033e+00
6.142824999990693e-03	4.500000e+00	3.040414e+00
6.194024999990388e-03	4.500000e+00	3.045793e+00
6.245224999990084e-03	4.500000e+00	3.051172e+00
6.296424999989780e-03	4.500000e+00	3.056550e+00
6.347624999989476e-03	4.500000e+00	3.061926e+00
6.398824999989172e-03	4.500000e+00	3.067301e+00
6.450024999988868e-03	4.500000e+00	3.072675e+00
6.501224999988564e-03	4.500000e+00	3.078048e+00
6.552424999988260e-03	4.500000e+00	3.083420e+00
6.603624999987956e-03	4.500000e+00	3.088791e+00
6.654824999987652e-03	4.500000e+00	3.094160e+00
6.706024999987348e-03	4.500000e+00	3.099529e+00
6.757224999987044e-03	4.500000e+00	3.104896e+00
6.808424999986740e-03	4.500000e+00	3.110262e+00
6.859624999986436e-03	4.500000e+00	3.115627e+00
6.910824999986132e-03	4.500000e+00	3.120991e+00
6.962024999985827e-03	4.500000e+00	3.126354e+00
7.013224999985523e-03	4.500000e+00	3.131715e+00
7.064424999985219e-03	4.500000e+00	3.137075e+00
7.115624999984915e-03	4.500000e+00	3.142434e+00
7.166824999984611e-03	4.500000e+00	3.147793e+00
7.218024999984307e-03	4.500000e+00	3.153149e+00
7.269224999984003e-03	4.500000e+00	3.158505e+00
7.320424999983699e-03	4.500000e+00	3.163860e+00
7.371624999983395e-03	4.500000e+00	3.169213e+00
7.422824999983091e-03	4.500000e+00	3.174565e+00
7.474024999982787e-03	4.500000e+00	3.179916e+00
7.525224999982483e-03	4.500000e+00	3.185266e+00
7.576424999982179e-03	4.500000e+00	3.190615e+00
7.627624999981875e-03	4.500000e+00	3.195963e+00
7.678824999981571e-03	4.500000e+00	3.201309e+00
7.730024999981266e-03	4.500000e+00	3.206654e+00
7.781224999980962e-03	4.500000e+00	3.211998e+00
7.832424999980658e-03	4.500000e+00	3.217341e+00
7.883624999980354e-03	4.500000e+00	3.222683e+00
7.934824999980050e-03	4.500000e+00	3.228024e+00
7.986024999979746e-03	4.500000e+00	3.233363e+00
8.037224999979442e-03	4.500000e+00	3.238701e+00
8.088424999979138e-03	4.500000e+00	3.244038e+00
8.139624999978834e-03	4.500000e+00	3.249374e+00
8.190824999978530e-03	4.500000e+00	3.254709e+00
8.242024999978226e-03	4.500000e+00	3.260042e+00
8.293224999977922e-03	4.500000e+00	3.265375e+00
8.344424999977618e-03	4.500000e+00	3.270706e+00
8.395624999977314e-03	4.500000e+00	3.276036e+00
8.446824999977010e-03	4.500000e+00	3.281364e+00
8.498024999976705e-03	4.500000e+00	3.286692e+00
8.549224999976401e-03	4.500000e+00	3.292018e+00
8.600424999976097e-03	4.500000e+00	3.297344e+00
8.651624999975793e-03	4.500000e+00	3.302668e+00
8.702824999975489e-03	4.500000e+00	3.307991e+00
8.754024999975185e-03	4.500000e+00	3.313312e+00
8.805224999974881e-03	4.500000e+00	3.318633e+00
8.856424999974577e-03	4.500000e+00	3.323952e+00
8.907624999974273e-03	4.500000e+00	3.329270e+00
8.958824999973969e-03	4.500000e+00	3.334587e+00
9.010024999973665e-03	4.500000e+00	3.339902e+00
9.061224999973361e-03	4.500000e+00	3.345217e+00
9.112424999973057e-03	4.500000e+00	3.350530e+00
9.163624999972753e-03	4.500000e+00	3.355842e+00
9.214824999972449e-03	4.500000e+00	3.361153e+00
9.266024999972144e-03	4.500000e+00	3.366463e+00
9.317224999971840e-03	4.500000e+00	3.371771e+00
9.368424999971536e-03	4.500000e+00	3.377079e+00
9.419624999971232e-03	4.500000e+00	3.382385e+00
9.470824999970928e-03	4.500000e+00	3.387689e+00
9.522024999970624e-03	4.500000e+00	3.392993e+00
9.573224999970320e-03	4.500000e+00	3.398295e+00
9.624424999970016e-03	4.500000e+00	3.403596e+00
9.675624999969712e-03	4.500000e+00	3.408896e+00
9.726824999969408e-03	4.500000e+00	3.414195e+00
9.778024999969104e-03	4.500000e+00	3.419493e+00
9.829224999968800e-03	4.500000e+00	3.424789e+00
9.880424999968496e-03	4.500000e+00	3.430084e+00
9.931624999968192e-03	4.500000e+00	3.435378e+00
9.982824999967888e-03	4.500000e+00	3.440671e+00
1.003402499996758e-02	4.500000e+00	3.445962e+00
1.008522499996728e-02	4.500000e+00	3.451252e+00
1.013642499996698e-02	4.500000e+00	3.456541e+00
1.018762499996667e-02	4.500000e+00	3.461829e+00
1.023882499996637e-02	4.500000e+00	3.467116e+00
1.029002499996606e-02	4.500000e+00	3.472401e+00
1.034122499996576e-02	4.500000e+00	3.477685e+00
1.039242499996545e-02	4.500000e+00	3.482968e+00
1.044362499996515e-02	4.500000e+00	3.488249e+00
1.049482499996485e-02	4.500000e+00	3.493530e+00
1.054602499996454e-02	4.500000e+00	3.498809e+00
1.059722499996424e-02	4.500000e+00	3.504087e+00
1.064842499996393e-02	4.500000e+00	3.509363e+00
1.069962499996363e-02	4.500000e+00	3.514639e+00
1.075082499996333e-02	4.500000e+00	3.519913e+00
1.080202499996302e-02	4.500000e+00	3.525186e+00
1.085322499996272e-02	4.500000e+00	3.530457e+00
1.090442499996241e-02	4.500000e+00	3.535728e+00
1.095562499996211e-02	4.500000e+00	3.540997e+00
1.100682499996181e-02	4.500000e+00	3.546265e+00
1.105802499996150e-02	4.500000e+00	3.551532e+00
1.110922499996120e-02	4.500000e+00	3.556797e+00
1.116042499996089e-02	4.500000e+00	3.562061e+00
1.121162499996059e-02	4.500000e+00	3.567324e+00
1.126282499996029e-02	4.500000e+00	3.572586e+00
1.131402499995998e-02	4.500000e+00	3.577846e+00
1.136522499995968e-02	4.500000e+00	3.583105e+00
1.141642499995937e-02	4.500000e+00	3.588363e+00
1.146762499995907e-02	4.500000e+00	3.593620e+00
1.151882499995877e-02	4.500000e+00	3.598875e+00
1.157002499995846e-02	4.500000e+00	3.604129e+00
1.162122499995816e-02	4.500000e+00	3.609382e+00
1.167242499995785e-02	4.500000e+00	3.614633e+00
1.172362499995755e-02	4.500000e+00	3.619884e+00
1.177482499995725e-02	4.500000e+00	3.625133e+00
1.182602499995694e-02	4.500000e+00	3.630380e+00
1.187722499995664e-02	4.500000e+00	3.635627e+00
1.192842499995633e-02	4.500000e+00	3.640872e+00
1.197962499995603e-02	4.500000e+00	3.646116e+00
1.203082499995572e-02	4.500000e+00	3.651358e+00
1.208202499995542e-02	4.500000e+00	3.656600e+00
1.213322499995512e-02	4.500000e+00	3.661839e+00
1.218442499995481e-02	4.500000e+00	3.667078e+00
1.223562499995451e-02	4.500000e+00	3.672316e+00
1.228682499995420e-02	4.500000e+00	3.677552e+00
1.233802499995390e-02	4.500000e+00	3.682787e+00
1.238922499995360e-02	4.500000e+00	3.688020e+00
1.244042499995329e-02	4.500000e+00	3.693253e+00
1.249162499995299e-02	4.500000e+00	3.698483e+00
1.254282499995268e-02	4.500000e+00	3.703713e+00
1.259402499995238e-02	4.500000e+00	3.708942e+00
1.264522499995208e-02	4.500000e+00	3.714169e+00
1.269642499995177e-02	4.500000e+00	3.719394e+00
1.274762499995147e-02	4.500000e+00	3.724619e+00
1.279882499995116e-02	4.500000e+00	3.729842e+00
1.285002499995086e-02	4.500000e+00	3.735064e+00
1.290122499995056e-02	4.500000e+00	3.740285e+00
1.295242499995025e-02	4.500000e+00	3.745504e+00
1.300362499994995e-02	4.500000e+00	3.750722e+00
1.305482499994964e-02	4.500000e+00	3.755939e+00
1.310602499994934e-02	4.500000e+00	3.761154e+00
1.315722499994904e-02	4.500000e+00	3.766368e+00
1.320842499994873e-02	4.500000e+00	3.771580e+00
1.325962499994843e-02	4.500000e+00	3.776792e+00
1.331082499994812e-02	4.500000e+00	3.782002e+00
1.336202499994782e-02	4.500000e+00	3.787210e+00
1.341322499994752e-02	4.500000e+00	3.792418e+00
1.346442499994721e-02	4.500000e+00	3.797624e+00
1.351562499994691e-02	4.500000e+00	3.802829e+00
1.356682499994660e-02	4.500000e+00	3.808032e+00
1.361802499994630e-02	4.500000e+00	3.813234e+00
1.366922499994599e-02	4.500000e+00	3.818435e+00
1.372042499994569e-02	4.500000e+00	3.823634e+00
1.377162499994539e-02	4.500000e+00	3.828832e+00
1.382282499994508e-02	4.500000e+00	3.834029e+00
1.387402499994478e-02	4.500000e+00	3.839224e+00
1.392522499994447e-02	4.500000e+00	3.844418e+00
1.397642499994417e-02	4.500000e+00	3.849611e+00
1.402762499994387e-02	4.500000e+00	3.854802e+00
1.407882499994356e-02	4.500000e+00	3.859992e+00
1.413002499994326e-02	4.500000e+00	3.865181e+00
1.418122499994295e-02	4.500000e+00	3.870368e+00
1.423242499994265e-02	4.500000e+00	3.875554e+00
1.428362499994235e-02	4.500000e+00	3.880739e+00
1.433482499994204e-02	4.500000e+00	3.885922e+00
1.438602499994174e-02	4.500000e+00	3.891104e+00
1.443722499994143e-02	4.500000e+00	3.896284e+00
1.448842499994113e-02	4.500000e+00	3.901464e+00
1.453962499994083e-02	4.500000e+00	3.906641e+00
1.459082499994052e-02	4.500000e+00	3.911818e+00
1.464202499994022e-02	4.500000e+00	3.916993e+00
1.469322499993991e-02	4.500000e+00	3.922166e+00
1.474442499993961e-02	4.500000e+00	3.927339e+00
1.479562499993931e-02	4.500000e+00	3.932509e+00
1.484682499993900e-02	4.500000e+00	3.937679e+00
1.489802499993870e-02	4.500000e+00	3.942847e+00
1.494922499993839e-02	4.500000e+00	3.948014e+00
1.500042499993809e-02	4.500000e+00	3.953179e+00
1.505162499993778e-02	4.500000e+00	3.958343e+00
1.510282499993748e-02	4.500000e+00	3.963506e+00
1.515402499993718e-02	4.500000e+00	3.968667e+00
1.520522499993687e-02	4.500000e+00	3.973827e+00
1.525642499993657e-02	4.500000e+00	3.978985e+00
1.530762499993626e-02	4.500000e+00	3.984142e+00
1.535882499993596e-02	4.500000e+00	3.989298e+00
1.541002499993566e-02	4.500000e+00	3.994452e+00
1.546122499993535e-02	4.500000e+00	3.999605e+00
1.551242499993505e-02	4.500000e+00	4.004756e+00
1.556362499993474e-02	4.500000e+00	4.009906e+00
1.561482499993444e-02	4.500000e+00	4.015055e+00
1.566602499993556e-02	4.500000e+00	4.020202e+00
1.571722499993703e-02	4.500000e+00	4.025348e+00
1.576842499993850e-02	4.500000e+00	4.030492e+00
1.581962499993998e-02	4.500000e+00	4.035635e+00
1.587082499994145e-02	4.500000e+00	4.040777e+00
1.592202499994292e-02	4.500000e+00	4.045917e+00
1.597322499994439e-02	4.500000e+00	4.051055e+00
1.602442499994586e-02	4.500000e+00	4.056193e+00
1.607562499994734e-02	4.500000e+00	4.061328e+00
1.612682499994881e-02	4.500000e+00	4.066463e+00
1.617802499995028e-02	4.500000e+00	4.071596e+00
1.622922499995175e-02	4.500000e+00	4.076727e+00
1.628042499995323e-02	4.500000e+00	4.081858e+00
1.633162499995470e-02	4.500000e+00	4.086986e+00
1.638282499995617e-02	4.500000e+00	4.092113e+00
1.643402499995764e-02	4.500000e+00	4.097239e+00
1.648522499995912e-02	4.500000e+00	4.102364e+00
1.653642499996059e-02	4.500000e+00	4.107486e+00
1.658762499996206e-02	4.500000e+00	4.112607e+00
1.663882499996353e-02	4.500000e+00	4.117727e+00
1.669002499996500e-02	4.500000e+00	4.122846e+00
1.674122499996648e-02	4.500000e+00	4.127963e+00
1.679242499996795e-02	4.500000e+00	4.133079e+00
1.684362499996942e-02	4.500000e+00	4.138192e+00
1.689482499997089e-02	4.500000e+00	4.143305e+00
1.694602499997237e-02	4.500000e+00	4.148416e+00
1.699722499997384e-02	4.500000e+00	4.153525e+00
1.704842499997531e-02	4.500000e+00	4.158634e+00
1.709962499997678e-02	4.500000e+00	4.163740e+00
1.715082499997825e-02	4.500000e+00	4.168845e+00
1.720202499997973e-02	4.500000e+00	4.173948e+00
1.725322499998120e-02	4.500000e+00	4.179050e+00
1.730442499998267e-02	4.500000e+00	4.184151e+00
1.735562499998414e-02	4.500000e+00	4.189249e+00
1.740682499998562e-02	4.500000e+00	4.194346e+00
1.745802499998709e-02	4.500000e+00	4.199442e+00
1.750922499998856e-02	4.500000e+00	4.204535e+00
1.756042499999003e-02	4.500000e+00	4.209628e+00
1.761162499999151e-02	4.500000e+00	4.214718e+00
1.766282499999298e-02	4.500000e+00	4.219806e+00
1.771402499999445e-02	4.500000e+00	4.224893e+00
1.776522499999592e-02	4.500000e+00	4.229978e+00
1.781642499999739e-02	4.500000e+00	4.235060e+00
1.786762499999887e-02	4.500000e+00	4.240141e+00
1.791882500000034e-02	4.500000e+00	4.245219e+00
1.797002500000181e-02	4.500000e+00	4.250295e+00
1.802122500000328e-02	4.500000e+00	4.255369e+00
1.807242500000476e-02	4.500000e+00	4.260439e+00
1.812362500000623e-02	4.500000e+00	4.265507e+00
1.817482500000770e-02	4.500000e+00	4.270572e+00
1.822602500000917e-02	4.500000e+00	4.275633e+00
1.827722500001065e-02	4.500000e+00	4.280690e+00
1.832842500001212e-02	4.500000e+00	4.285744e+00
1.837962500001359e-02	4.500000e+00	4.290792e+00
1.843082500001506e-02	4.500000e+00	4.295836e+00
1.848202500001653e-02	4.500000e+00	4.300873e+00
1.853322500001801e-02	4.500000e+00	4.305904e+00
1.858442500001948e-02	4.500000e+00	4.310928e+00
1.863562500002095e-02	4.500000e+00	4.315944e+00
1.868682500002242e-02	4.500000e+00	4.320950e+00
1.873802500002390e-02	4.500000e+00	4.325944e+00
1.878922500002537e-02	4.500000e+00	4.330926e+00
1.884042500002684e-02	4.500000e+00	4.335895e+00
1.889162500002831e-02	4.500000e+00	4.340846e+00
1.894282500002979e-02	4.500000e+00	4.345779e+00
1.899402500003126e-02	4.500000e+00	4.350690e+00
1.904522500003273e-02	4.500000e+00	4.355577e+00
1.909642500003420e-02	4.500000e+00	4.360435e+00
1.914762500003567e-02	4.500000e+00	4.365260e+00
1.919882500003715e-02	4.500000e+00	4.370049e+00
1.925002500003862e-02	4.500000e+00	4.374796e+00
1.930122500004009e-02	4.500000e+00	4.379496e+00
1.935242500004156e-02	4.500000e+00	4.384142e+00
1.940362500004304e-02	4.500000e+00	4.388729e+00
1.945482500004451e-02	4.500000e+00	4.393249e+00
1.950602500004598e-02	4.500000e+00	4.397694e+00
1.955722500004745e-02	4.500000e+00	4.402058e+00
1.960842500004892e-02	4.500000e+00	4.406332e+00
1.965962500005040e-02	4.500000e+00	4.410508e+00
1.971082500005187e-02	4.500000e+00	4.414580e+00
1.976202500005334e-02	4.500000e+00	4.418540e+00
1.981322500005481e-02	4.500000e+00	4.422380e+00
1.986442500005629e-02	4.500000e+00	4.426095e+00
1.991562500005776e-02	4.500000e+00	4.429679e+00
1.996682500005923e-02	4.500000e+00	4.433128e+00
2.001802500006070e-02	4.500000e+00	4.436439e+00
2.006922500006218e-02	4.500000e+00	4.439608e+00
2.012042500006365e-02	4.500000e+00	4.442635e+00
2.017162500006512e-02	4.500000e+00	4.445519e+00
2.022282500006659e-02	4.500000e+00	4.448261e+00
2.027402500006806e-02	4.500000e+00	4.450862e+00
2.032522500006954e-02	4.500000e+00	4.453325e+00
2.037642500007101e-02	4.500000e+00	4.455653e+00
2.042762500007248e-02	4.500000e+00	4.457849e+00
2.047882500007395e-02	4.500000e+00	4.459918e+00
2.053002500007543e-02	4.500000e+00	4.461864e+00
2.058122500007690e-02	4.500000e+00	4.463692e+00
2.063242500007837e-02	4.500000e+00	4.465408e+00
2.068362500007984e-02	4.500000e+00	4.467016e+00
2.073482500008132e-02	4.500000e+00	4.468521e+00
2.078602500008279e-02	4.500000e+00	4.469930e+00
2.083722500008426e-02	4.500000e+00	4.471247e+00
2.088842500008573e-02	4.500000e+00	4.472477e+00
2.093962500008720e-02	4.500000e+00	4.473625e+00
2.099082500008868e-02	4.500000e+00	4.474697e+00
2.104202500009015e-02	4.500000e+00	4.475696e+00
2.109322500009162e-02	4.500000e+00	4.476627e+00
2.114442500009309e-02	4.500000e+00	4.477495e+00
2.119562500009457e-02	4.500000e+00	4.478302e+00
2.124682500009604e-02	4.500000e+00	4.479054e+00
2.129802500009751e-02	4.500000e+00	4.479755e+00
2.134922500009898e-02	4.500000e+00	4.480406e+00
2.140042500010046e-02	4.500000e+00	4.481012e+00
2.145162500010193e-02	4.500000e+00	4.481575e+00
2.150282500010340e-02	4.500000e+00	4.482099e+00
2.155402500010487e-02	4.500000e+00	4.482586e+00
2.160522500010634e-02	4.500000e+00	4.483039e+00
2.165642500010782e-02	4.500000e+00	4.483459e+00
2.170762500010929e-02	4.500000e+00	4.483850e+00
2.175882500011076e-02	4.500000e+00	4.484214e+00
2.181002500011223e-02	4.500000e+00	4.484551e+00
2.186122500011371e-02	4.500000e+00	4.484864e+00
2.191242500011518e-02	4.500000e+00	4.485156e+00
2.196362500011665e-02	4.500000e+00	4.485426e+00
2.201482500011812e-02	4.500000e+00	4.485677e+00
2.206602500011959e-02	4.500000e+00	4.485910e+00
2.211722500012107e-02	4.500000e+00	4.486126e+00
2.216842500012254e-02	4.500000e+00	4.486327e+00
2.221962500012401e-02	4.500000e+00	4.486514e+00
2.227082500012548e-02	4.500000e+00	4.486687e+00
2.232202500012696e-02	4.500000e+00	4.486848e+00
2.237322500012843e-02	4.500000e+00	4.486997e+00
2.242442500012990e-02	4.500000e+00	4.487135e+00
2.247562500013137e-02	4.500000e+00	4.487264e+00
2.252682500013285e-02	4.500000e+00	4.487383e+00
2.257802500013432e-02	4.500000e+00	4.487494e+00
2.262922500013579e-02	4.500000e+00	4.487597e+00
2.268042500013726e-02	4.500000e+00	4.487692e+00
2.273162500013873e-02	4.500000e+00	4.487781e+00
2.278282500014021e-02	4.500000e+00	4.487864e+00
2.283402500014168e-02	4.500000e+00	4.487940e+00
2.288522500014315e-02	4.500000e+00	4.488010e+00
2.293642500014462e-02	4.500000e+00	4.488076e+00
2.298762500014610e-02	4.500000e+00	4.488137e+00
2.303882500014757e-02	4.500000e+00	4.488194e+00
2.309002500014904e-02	4.500000e+00	4.488246e+00
2.314122500015051e-02	4.500000e+00	4.488295e+00
2.319242500015199e-02	4.500000e+00	4.488340e+00
2.324362500015346e-02	4.500000e+00	4.488382e+00
2.329482500015493e-02	4.500000e+00	4.488421e+00
2.334602500015640e-02	4.500000e+00	4.488457e+00
2.339722500015787e-02	4.500000e+00	4.488491e+00
2.344842500015935e-02	4.500000e+00	4.488522e+00
2.349962500016082e-02	4.500000e+00	4.488551e+00
2.355082500016229e-02	4.500000e+00	4.488577e+00
2.360202500016376e-02	4.500000e+00	4.488602e+00
2.365322500016524e-02	4.500000e+00	4.488626e+00
2.370442500016671e-02	4.500000e+00	4.488647e+00
2.375562500016818e-02	4.500000e+00	4.488667e+00
2.380682500016965e-02	4.500000e+00	4.488685e+00
2.385802500017112e-02	4.500000e+00	4.488702e+00
2.390922500017260e-02	4.500000e+00	4.488718e+00
2.396042500017407e-02	4.500000e+00	4.488733e+00
2.401162500017554e-02	4.500000e+00	4.488746e+00
2.406282500017701e-02	4.500000e+00	4.488759e+00
2.411402500017849e-02	4.500000e+00	4.488771e+00
2.416522500017996e-02	4.500000e+00	4.488782e+00
2.421642500018143e-02	4.500000e+00	4.488792e+00
2.426762500018290e-02	4.500000e+00	4.488801e+00
2.431882500018438e-02	4.500000e+00	4.488810e+00
2.437002500018585e-02	4.500000e+00	4.488818e+00
2.442122500018732e-02	4.500000e+00	4.488825e+00
2.447242500018879e-02	4.500000e+00	4.488832e+00
2.452362500019026e-02	4.500000e+00	4.488839e+00
2.457482500019174e-02	4.500000e+00	4.488845e+00
2.462602500019321e-02	4.500000e+00	4.488851e+00
2.467722500019468e-02	4.500000e+00	4.488856e+00
2.472842500019615e-02	4.500000e+00	4.488861e+00
2.477962500019763e-02	4.500000e+00	4.488865e+00
2.483082500019910e-02	4.500000e+00	4.488869e+00
2.488202500020057e-02	4.500000e+00	4.488873e+00
2.493322500020204e-02	4.500000e+00	4.488876e+00
2.498442500020352e-02	4.500000e+00	4.488880e+00
2.503562500020499e-02	4.500000e+00	4.488883e+00
2.508682500020646e-02	4.500000e+00	4.488885e+00
2.513802500020793e-02	4.500000e+00	4.488888e+00
2.518922500020940e-02	4.500000e+00	4.488891e+00
2.524042500021088e-02	4.500000e+00	4.488893e+00
2.529162500021235e-02	4.500000e+00	4.488895e+00
2.534282500021382e-02	4.500000e+00	4.488897e+00
2.539402500021529e-02	4.500000e+00	4.488899e+00
2.544522500021677e-02	4.500000e+00	4.488900e+00
2.549642500021824e-02	4.500000e+00	4.488902e+00
2.554762500021971e-02	4.500000e+00	4.488904e+00
2.559882500022118e-02	4.500000e+00	4.488905e+00
2.565002500022266e-02	4.500000e+00	4.488906e+00
2.570122500022413e-02	4.500000e+00	4.488907e+00
2.575242500022560e-02	4.500000e+00	4.488908e+00
2.580362500022707e-02	4.500000e+00	4.488909e+00
2.585482500022854e-02	4.500000e+00	4.488910e+00
2.590602500023002e-02	4.500000e+00	4.488911e+00
2.595722500023149e-02	4.500000e+00	4.488912e+00
2.600842500023296e-02	4.500000e+00	4.488913e+00
2.605962500023443e-02	4.500000e+00	4.488913e+00
2.611082500023591e-02	4.500000e+00	4.488914e+00
2.616202500023738e-02	4.500000e+00	4.488914e+00
2.621322500023885e-02	4.500000e+00	4.488915e+00
2.626442500024032e-02	4.500000e+00	4.488915e+00
2.631562500024179e-02	4.500000e+00	4.488916e+00
2.636682500024327e-02	4.500000e+00	4.488916e+00
2.641802500024474e-02	4.500000e+00	4.488917e+00
2.646922500024621e-02	4.500000e+00	4.488917e+00
2.652042500024768e-02	4.500000e+00	4.488917e+00
2.657162500024916e-02	4.500000e+00	4.488918e+00
2.662282500025063e-02	4.500000e+00	4.488918e+00
2.667402500025210e-02	4.500000e+00	4.488918e+00
2.672522500025357e-02	4.500000e+00	4.488919e+00
2.677642500025505e-02	4.500000e+00	4.488919e+00
2.682762500025652e-02	4.500000e+00	4.488919e+00
2.687882500025799e-02	4.500000e+00	4.488919e+00
2.693002500025946e-02	4.500000e+00	4.488920e+00
2.698122500026093e-02	4.500000e+00	4.488920e+00
2.703242500026241e-02	4.500000e+00	4.488920e+00
2.708362500026388e-02	4.500000e+00	4.488920e+00
2.713482500026535e-02	4.500000e+00	4.488920e+00
2.718602500026682e-02	4.500000e+00	4.488920e+00
2.723722500026830e-02	4.500000e+00	4.488920e+00
2.728842500026977e-02	4.500000e+00	4.488921e+00
2.733962500027124e-02	4.500000e+00	4.488921e+00
2.739082500027271e-02	4.500000e+00	4.488921e+00
2.744202500027419e-02	4.500000e+00	4.488921e+00
2.749322500027566e-02	4.500000e+00	4.488921e+00
2.754442500027713e-02	4.500000e+00	4.488921e+00
2.759562500027860e-02	4.500000e+00	4.488921e+00
2.764682500028007e-02	4.500000e+00	4.488921e+00
2.769802500028155e-02	4.500000e+00	4.488921e+00
2.774922500028302e-02	4.500000e+00	4.488921e+00
2.780042500028449e-02	4.500000e+00	4.488921e+00
2.785162500028596e-02	4.500000e+00	4.488921e+00
2.790282500028744e-02	4.500000e+00	4.488922e+00
2.795402500028891e-02	4.500000e+00	4.488922e+00
2.800522500029038e-02	4.500000e+00	4.488922e+00
2.805642500029185e-02	4.500000e+00	4.488922e+00
2.810762500029333e-02	4.500000e+00	4.488922e+00
2.815882500029480e-02	4.500000e+00	4.488922e+00
2.821002500029627e-02	4.500000e+00	4.488922e+00
2.826122500029774e-02	4.500000e+00	4.488922e+00
2.831242500029921e-02	4.500000e+00	4.488922e+00
2.836362500030069e-02	4.500000e+00	4.488922e+00
2.841482500030216e-02	4.500000e+00	4.488922e+00
2.846602500030363e-02	4.500000e+00	4.488922e+00
2.851722500030510e-02	4.500000e+00	4.488922e+00
2.856842500030658e-02	4.500000e+00	4.488922e+00
2.861962500030805e-02	4.500000e+00	4.488922e+00
2.867082500030952e-02	4.500000e+00	4.488922e+00
2.872202500031099e-02	4.500000e+00	4.488922e+00
2.877322500031246e-02	4.500000e+00	4.488922e+00
2.882442500031394e-02	4.500000e+00	4.488922e+00
2.887562500031541e-02	4.500000e+00	4.488922e+00
2.892682500031688e-02	4.500000e+00	4.488922e+00
2.897802500031835e-02	4.500000e+00	4.488922e+00
2.902922500031983e-02	4.500000e+00	4.488922e+00
2.908042500032130e-02	4.500000e+00	4.488922e+00
2.913162500032277e-02	4.500000e+00	4.488922e+00
2.918282500032424e-02	4.500000e+00	4.488922e+00
2.923402500032572e-02	4.500000e+00	4.488922e+00
2.928522500032719e-02	4.500000e+00	4.488922e+00
2.933642500032866e-02	4.500000e+00	4.488922e+00
2.938762500033013e-02	4.500000e+00	4.488922e+00
2.943882500033160e-02	4.500000e+00	4.488922e+00
2.949002500033308e-02	4.500000e+00	4.488922e+00
2.954122500033455e-02	4.500000e+00	4.488922e+00
2.959242500033602e-02	4.500000e+00	4.488922e+00
2.964362500033749e-02	4.500000e+00	4.488922e+00
2.969482500033897e-02	4.500000e+00	4.488922e+00
2.974602500034044e-02	4.500000e+00	4.488922e+00
2.979722500034191e-02	4.500000e+00	4.488922e+00
2.984842500034338e-02	4.500000e+00	4.488922e+00
2.989962500034486e-02	4.500000e+00	4.488922e+00
2.995082500034633e-02	4.500000e+00	4.488922e+00
3.000003500000000e-02	4.499300e+00	4.488922e+00
3.000187500000005e-02	4.462500e+00	4.488873e+00
3.000263928571436e-02	4.447214e+00	4.488819e+00
3.000340357142867e-02	4.431929e+00	4.488758e+00
3.000416785714298e-02	4.416643e+00	4.488690e+00
3.000493214285728e-02	4.401357e+00	4.488614e+00
3.000569642857159e-02	4.386071e+00	4.488531e+00
3.000646071428590e-02	4.370786e+00	4.488441e+00
3.000722500000021e-02	4.355500e+00	4.488344e+00
3.000912500000026e-02	4.317500e+00	4.488107e+00
3.001102500000032e-02	4.279500e+00	4.487869e+00
3.001292500000037e-02	4.241500e+00	4.487630e+00
3.001482500000043e-02	4.203500e+00	4.487390e+00
3.001672500000048e-02	4.165500e+00	4.487150e+00
3.001862500000053e-02	4.127500e+00	4.486909e+00
3.002052500000059e-02	4.089500e+00	4.486667e+00
3.005307500000153e-02	3.438500e+00	4.482539e+00
3.010027500000001e-02	2.500000e+00	4.476555e+00
3.010412500000012e-02	2.500000e+00	4.476067e+00
3.015532500000159e-02	2.500000e+00	4.469578e+00
3.020652500000306e-02	2.500000e+00	4.463091e+00
3.025772500000453e-02	2.500000e+00	4.456607e+00
3.030892500000601e-02	2.500000e+00	4.450125e+00
3.036012500000748e-02	2.500000e+00	4.443645e+00
3.041132500000895e-02	2.500000e+00	4.437168e+00
3.046252500001042e-02	2.500000e+00	4.430693e+00
3.051372500001190e-02	2.500000e+00	4.424220e+00
3.056492500001337e-02	2.500000e+00	4.417749e+00
3.061612500001484e-02	2.500000e+00	4.411281e+00
3.066732500001631e-02	2.500000e+00	4.404815e+00
3.071852500001778e-02	2.500000e+00	4.398352e+00
3.076972500001926e-02	2.500000e+00	4.391891e+00
3.082092500002073e-02	2.500000e+00	4.385432e+00
3.087212500002220e-02	2.500000e+00	4.378975e+00
3.092332500002367e-02	2.500000e+00	4.372520e+00
3.097452500002515e-02	2.500000e+00	4.366068e+00
3.102572500002662e-02	2.500000e+00	4.359618e+00
3.107692500002809e-02	2.500000e+00	4.353171e+00
3.112812500002956e-02	2.500000e+00	4.346725e+00
3.117932500003103e-02	2.500000e+00	4.340282e+00
3.123052500003251e-02	2.500000e+00	4.333841e+00
3.128172500003398e-02	2.500000e+00	4.327403e+00
3.133292500003545e-02	2.500000e+00	4.320966e+00
3.138412500003692e-02	2.500000e+00	4.314532e+00
3.143532500003839e-02	2.500000e+00	4.308100e+00
3.148652500003987e-02	2.500000e+00	4.301670e+00
3.153772500004134e-02	2.500000e+00	4.295243e+00
3.158892500004281e-02	2.500000e+00	4.288817e+00
3.164012500004428e-02	2.500000e+00	4.282394e+00
3.169132500004575e-02	2.500000e+00	4.275973e+00
3.174252500004723e-02	2.500000e+00	4.269555e+00
3.179372500004870e-02	2.500000e+00	4.263138e+00
3.184492500005017e-02	2.500000e+00	4.256723e+00
3.189612500005164e-02	2.500000e+00	4.250311e+00
3.194732500005312e-02	2.500000e+00	4.243901e+00
3.199852500005459e-02	2.500000e+00	4.237494e+00
3.204972500005606e-02	2.500000e+00	4.231088e+00
3.210092500005753e-02	2.500000e+00	4.224684e+00
3.215212500005901e-02	2.500000e+00	4.218283e+00
3.220332500006048e-02	2.500000e+00	4.211884e+00
3.225452500006195e-02	2.500000e+00	4.205486e+00
3.230572500006342e-02	2.500000e+00	4.199091e+00
3.235692500006489e-02	2.500000e+00	4.192698e+00
3.240812500006637e-02	2.500000e+00	4.186307e+00
3.245932500006784e-02	2.500000e+00	4.179919e+00
3.251052500006931e-02	2.500000e+00	4.173532e+00
3.256172500007078e-02	2.500000e+00	4.167148e+00
3.261292500007226e-02	2.500000e+00	4.160766e+00
3.266412500007373e-02	2.500000e+00	4.154386e+00
3.271532500007520e-02	2.500000e+00	4.148007e+00
3.276652500007667e-02	2.500000e+00	4.141632e+00
3.281772500007814e-02	2.500000e+00	4.135258e+00
3.286892500007962e-02	2.500000e+00	4.128886e+00
3.292012500008109e-02	2.500000e+00	4.122516e+00
3.297132500008256e-02	2.500000e+00	4.116148e+00
3.302252500008403e-02	2.500000e+00	4.109783e+00
3.307372500008551e-02	2.500000e+00	4.103419e+00
3.312492500008698e-02	2.500000e+00	4.097058e+00
3.317612500008845e-02	2.500000e+00	4.090699e+00
3.322732500008992e-02	2.500000e+00	4.084341e+00
3.327852500009140e-02	2.500000e+00	4.077986e+00
3.332972500009287e-02	2.500000e+00	4.071633e+00
3.338092500009434e-02	2.500000e+00	4.065281e+00
3.343212500009581e-02	2.500000e+00	4.058932e+00
3.348332500009728e-02	2.500000e+00	4.052585e+00
3.353452500009876e-02	2.500000e+00	4.046240e+00
3.358572500010023e-02	2.500000e+00	4.039897e+00
3.363692500010170e-02	2.500000e+00	4.033556e+00
3.368812500010317e-02	2.500000e+00	4.027217e+00
3.373932500010465e-02	2.500000e+00	4.020880e+00
3.379052500010612e-02	2.500000e+00	4.014545e+00
3.384172500010759e-02	2.500000e+00	4.008212e+00
3.389292500010906e-02	2.500000e+00	4.001881e+00
3.394412500011054e-02	2.500000e+00	3.995552e+00
3.399532500011201e-02	2.500000e+00	3.989225e+00
3.404652500011348e-02	2.500000e+00	3.982900e+00
3.409772500011495e-02	2.500000e+00	3.976577e+00
3.414892500011642e-02	2.500000e+00	3.970256e+00
3.420012500011790e-02	2.500000e+00	3.963937e+00
3.425132500011937e-02	2.500000e+00	3.957620e+00
3.430252500012084e-02	2.500000e+00	3.951305e+00
3.435372500012231e-02	2.500000e+00	3.944992e+00
3.440492500012379e-02	2.500000e+00	3.938681e+00
3.445612500012526e-02	2.500000e+00	3.932372e+00
3.450732500012673e-02	2.500000e+00	3.926064e+00
3.455852500012820e-02	2.500000e+00	3.919759e+00
3.460972500012967e-02	2.500000e+00	3.913456e+00
3.466092500013115e-02	2.500000e+00	3.907155e+00
3.471212500013262e-02	2.500000e+00	3.900855e+00
3.476332500013409e-02	2.500000e+00	3.894558e+00
3.481452500013556e-02	2.500000e+00	3.888262e+00
3.486572500013704e-02	2.500000e+00	3.881969e+00
3.491692500013851e-02	2.500000e+00	3.875677e+00
3.496812500013998e-02	2.500000e+00	3.869387e+00
3.501932500014145e-02	2.500000e+00	3.863100e+00
3.507052500014293e-02	2.500000e+00	3.856814e+00
3.512172500014440e-02	2.500000e+00	3.850530e+00
3.517292500014587e-02	2.500000e+00	3.844248e+00
3.522412500014734e-02	2.500000e+00	3.837968e+00
3.527532500014881e-02	2.500000e+00	3.831689e+00
3.532652500015029e-02	2.500000e+00	3.825413e+00
3.537772500015176e-02	2.500000e+00	3.819139e+00
3.542892500015323e-02	2.500000e+00	3.812866e+00
3.548012500015470e-02	2.500000e+00	3.806596e+00
3.553132500015618e-02	2.500000e+00	3.800327e+00
3.558252500015765e-02	2.500000e+00	3.794060e+00
3.563372500015912e-02	2.500000e+00	3.787795e+00
3.568492500016059e-02	2.500000e+00	3.781532e+00
3.573612500016207e-02	2.500000e+00	3.775271e+00
3.578732500016354e-02	2.500000e+00	3.769012e+00
3.583852500016501e-02	2.500000e+00	3.762755e+00
3.588972500016648e-02	2.500000e+00	3.756499e+00
3.594092500016795e-02	2.500000e+00	3.750246e+00
3.599212500016943e-02	2.500000e+00	3.743994e+00
3.604332500017090e-02	2.500000e+00	3.737744e+00
3.609452500017237e-02	2.500000e+00	3.731496e+00
3.614572500017384e-02	2.500000e+00	3.725250e+00
3.619692500017532e-02	2.500000e+00	3.719006e+00
3.624812500017679e-02	2.500000e+00	3.712763e+00
3.629932500017826e-02	2.500000e+00	3.706523e+00
3.635052500017973e-02	2.500000e+00	3.700284e+00
3.640172500018121e-02	2.500000e+00	3.694047e+00
3.645292500018268e-02	2.500000e+00	3.687812e+00
3.650412500018415e-02	2.500000e+00	3.681579e+00
3.655532500018562e-02	2.500000e+00	3.675348e+00
3.660652500018709e-02	2.500000e+00	3.669118e+00
3.665772500018857e-02	2.500000e+00	3.662891e+00
3.670892500019004e-02	2.500000e+00	3.656665e+00
3.676012500019151e-02	2.500000e+00	3.650441e+00
3.681132500019298e-02	2.500000e+00	3.644219e+00
3.686252500019446e-02	2.500000e+00	3.637999e+00
3.691372500019593e-02	2.500000e+00	3.631780e+00
3.696492500019740e-02	2.500000e+00	3.625564e+00
3.701612500019887e-02	2.500000e+00	3.619349e+00
3.706732500020034e-02	2.500000e+00	3.613136e+00
3.711852500020182e-02	2.500000e+00	3.606925e+00
3.716972500020329e-02	2.500000e+00	3.600715e+00
3.722092500020476e-02	2.500000e+00	3.594508e+00
3.727212500020623e-02	2.500000e+00	3.588302e+00
3.732332500020771e-02	2.500000e+00	3.582098e+00
3.737452500020918e-02	2.500000e+00	3.575896e+00
3.742572500021065e-02	2.500000e+00	3.569696e+00
3.747692500021212e-02	2.500000e+00	3.563497e+00
3.752812500021360e-02	2.500000e+00	3.557301e+00
3.757932500021507e-02	2.500000e+00	3.551106e+00
3.763052500021654e-02	2.500000e+00	3.544913e+00
3.768172500021801e-02	2.500000e+00	3.538721e+00
3.773292500021948e-02	2.500000e+00	3.532532e+00
3.778412500022096e-02	2.500000e+00	3.526344e+00
3.783532500022243e-02	2.500000e+00	3.520158e+00
3.788652500022390e-02	2.500000e+00	3.513974e+00
3.793772500022537e-02	2.500000e+00	3.507792e+00
3.798892500022685e-02	2.500000e+00	3.501611e+00
3.804012500022832e-02	2.500000e+00	3.495433e+00
3.809132500022979e-02	2.500000e+00	3.489256e+00
3.814252500023126e-02	2.500000e+00	3.483080e+00
3.819372500023274e-02	2.500000e+00	3.476907e+00
3.824492500023421e-02	2.500000e+00	3.470735e+00
3.829612500023568e-02	2.500000e+00	3.464566e+00
3.834732500023715e-02	2.500000e+00	3.458397e+00
3.839852500023862e-02	2.500000e+00	3.452231e+00
3.844972500024010e-02	2.500000e+00	3.446066e+00
3.850092500024157e-02	2.500000e+00	3.439904e+00
3.855212500024304e-02	2.500000e+00	3.433743e+00
3.860332500024451e-02	2.500000e+00	3.427583e+00
3.865452500024599e-02	2.500000e+00	3.421426e+00
3.870572500024746e-02	2.500000e+00	3.415270e+00
3.875692500024893e-02	2.500000e+00	3.409116e+00
3.880812500025040e-02	2.500000e+00	3.402964e+00
3.885932500025188e-02	2.500000e+00	3.396813e+00
3.891052500025335e-02	2.500000e+00	3.390665e+00
3.896172500025482e-02	2.500000e+00	3.384518e+00
3.901292500025629e-02	2.500000e+00	3.378373e+00
3.906412500025776e-02	2.500000e+00	3.372229e+00
3.911532500025924e-02	2.500000e+00	3.366087e+00
3.916652500026071e-02	2.500000e+00	3.359947e+00
3.921772500026218e-02	2.500000e+00	3.353809e+00
3.926892500026365e-02	2.500000e+00	3.347673e+00
3.932012500026513e-02	2.500000e+00	3.341538e+00
3.937132500026660e-02	2.500000e+00	3.335405e+00
3.942252500026807e-02	2.500000e+00	3.329274e+00
3.947372500026954e-02	2.500000e+00	3.323144e+00
3.952492500027101e-02	2.500000e+00	3.317017e+00
3.957612500027249e-02	2.500000e+00	3.310891e+00
3.962732500027396e-02	2.500000e+00	3.304766e+00
3.967852500027543e-02	2.500000e+00	3.298644e+00
3.972972500027690e-02	2.500000e+00	3.292523e+00
3.978092500027838e-02	2.500000e+00	3.286404e+00
3.983212500027985e-02	2.500000e+00	3.280287e+00
3.988332500028132e-02	2.500000e+00	3.274171e+00
3.993452500028279e-02	2.500000e+00	3.268057e+00
3.998572500028427e-02	2.500000e+00	3.261945e+00
4.003692500028574e-02	2.500000e+00	3.255835e+00
4.008812500028721e-02	2.500000e+00	3.249726e+00
4.013932500028868e-02	2.500000e+00	3.243619e+00
4.019052500029015e-02	2.500000e+00	3.237514e+00
4.024172500029163e-02	2.500000e+00	3.231410e+00
4.029292500029310e-02	2.500000e+00	3.225308e+00
4.034412500029457e-02	2.500000e+00	3.219208e+00
4.039532500029604e-02	2.500000e+00	3.213110e+00
4.044652500029752e-02	2.500000e+00	3.207013e+00
4.049772500029899e-02	2.500000e+00	3.200918e+00
4.054892500030046e-02	2.500000e+00	3.194825e+00
4.060012500030193e-02	2.500000e+00	3.188734e+00
4.065132500030341e-02	2.500000e+00	3.182644e+00
4.070252500030488e-02	2.500000e+00	3.176556e+00
4.075372500030635e-02	2.500000e+00	3.170470e+00
4.080492500030782e-02	2.500000e+00	3.164385e+00
4.085612500030929e-02	2.500000e+00	3.158302e+00
4.090732500031077e-02	2.500000e+00	3.152221e+00
4.095852500031224e-02	2.500000e+00	3.146142e+00
4.100972500031371e-02	2.500000e+00	3.140064e+00
4.106092500031518e-02	2.500000e+00	3.133988e+00
4.111212500031666e-02	2.500000e+00	3.127913e+00
4.116332500031813e-02	2.500000e+00	3.121840e+00
4.121452500031960e-02	2.500000e+00	3.115770e+00
4.126572500032107e-02	2.500000e+00	3.109700e+00
4.131692500032254e-02	2.500000e+00	3.103633e+00
4.136812500032402e-02	2.500000e+00	3.097567e+00
4.141932500032549e-02	2.500000e+00	3.091503e+00
4.147052500032696e-02	2.500000e+00	3.085440e+00
4.152172500032843e-02	2.500000e+00	3.079380e+00
4.157292500032991e-02	2.500000e+00	3.073321e+00
4.162412500033138e-02	2.500000e+00	3.067263e+00
4.167532500033285e-02	2.500000e+00	3.061208e+00
4.172652500033432e-02	2.500000e+00	3.055154e+00
4.177772500033580e-02	2.500000e+00	3.049102e+00
4.182892500033727e-02	2.500000e+00	3.043051e+00
4.188012500033874e-02	2.500000e+00	3.037002e+00
4.193132500034021e-02	2.500000e+00	3.030955e+00
4.198252500034168e-02	2.500000e+00	3.024910e+00
4.203372500034316e-02	2.500000e+00	3.018866e+00
4.208492500034463e-02	2.500000e+00	3.012824e+00
4.213612500034610e-02	2.500000e+00	3.006783e+00
4.218732500034757e-02	2.500000e+00	3.000745e+00
4.223852500034905e-02	2.500000e+00	2.994708e+00
4.228972500035052e-02	2.500000e+00	2.988673e+00
4.234092500035199e-02	2.500000e+00	2.982639e+00
4.239212500035346e-02	2.500000e+00	2.976607e+00
4.244332500035494e-02	2.500000e+00	2.970577e+00
4.249452500035641e-02	2.500000e+00	2.964549e+00
4.254572500035788e-02	2.500000e+00	2.958522e+00
4.259692500035935e-02	2.500000e+00	2.952497e+00
4.264812500036082e-02	2.500000e+00	2.946473e+00
4.269932500036230e-02	2.500000e+00	2.940451e+00
4.275052500036377e-02	2.500000e+00	2.934432e+00
4.280172500036524e-02	2.500000e+00	2.928413e+00
4.285292500036671e-02	2.500000e+00	2.922396e+00
4.290412500036819e-02	2.500000e+00	2.916382e+00
4.295532500036966e-02	2.500000e+00	2.910368e+00
4.300652500037113e-02	2.500000e+00	2.904357e+00
4.305772500037260e-02	2.500000e+00	2.898347e+00
4.310892500037408e-02	2.500000e+00	2.892339e+00
4.316012500037555e-02	2.500000e+00	2.886332e+00
4.321132500037702e-02	2.500000e+00	2.880328e+00
4.326252500037849e-02	2.500000e+00	2.874325e+00
4.331372500037996e-02	2.500000e+00	2.868323e+00
4.336492500038144e-02	2.500000e+00	2.862324e+00
4.341612500038291e-02	2.500000e+00	2.856326e+00
4.346732500038438e-02	2.500000e+00	2.850330e+00
4.351852500038585e-02	2.500000e+00	2.844335e+00
4.356972500038733e-02	2.500000e+00	2.838343e+00
4.362092500038880e-02	2.500000e+00	2.832352e+00
4.367212500039027e-02	2.500000e+00	2.826363e+00
4.372332500039174e-02	2.500000e+00	2.820375e+00
4.377452500039321e-02	2.500000e+00	2.814390e+00
4.382572500039469e-02	2.500000e+00	2.808407e+00
4.387692500039616e-02	2.500000e+00	2.802425e+00
4.392812500039763e-02	2.500000e+00	2.796445e+00
4.397932500039910e-02	2.500000e+00	2.790468e+00
4.403052500040058e-02	2.500000e+00	2.784492e+00
4.408172500040205e-02	2.500000e+00	2.778519e+00
4.413292500040352e-02	2.500000e+00	2.772548e+00
4.418412500040499e-02	2.500000e+00	2.766579e+00
4.423532500040647e-02	2.500000e+00	2.760613e+00
4.428652500040794e-02	2.500000e+00	2.754649e+00
4.433772500040941e-02	2.500000e+00	2.748689e+00
4.438892500041088e-02	2.500000e+00	2.742732e+00
4.444012500041235e-02	2.500000e+00	2.736778e+00
4.449132500041383e-02	2.500000e+00	2.730828e+00
4.454252500041530e-02	2.500000e+00	2.724882e+00
4.459372500041677e-02	2.500000e+00	2.718941e+00
4.464492500041824e-02	2.500000e+00	2.713005e+00
4.469612500041972e-02	2.500000e+00	2.707076e+00
4.474732500042119e-02	2.500000e+00	2.701153e+00
4.479852500042266e-02	2.500000e+00	2.695238e+00
4.484972500042413e-02	2.500000e+00	2.689333e+00
4.490092500042561e-02	2.500000e+00	2.683438e+00
4.495212500042708e-02	2.500000e+00	2.677555e+00
4.500332500042855e-02	2.500000e+00	2.671687e+00
4.505452500043002e-02	2.500000e+00	2.665835e+00
4.510572500043149e-02	2.500000e+00	2.660003e+00
4.515692500043297e-02	2.500000e+00	2.654194e+00
4.520812500043444e-02	2.500000e+00	2.648411e+00
4.525932500043591e-02	2.500000e+00	2.642659e+00
4.531052500043738e-02	2.500000e+00	2.636944e+00
4.536172500043886e-02	2.500000e+00	2.631270e+00
4.541292500044033e-02	2.500000e+00	2.625644e+00
4.546412500044180e-02	2.500000e+00	2.620074e+00
4.551532500044327e-02	2.500000e+00	2.614568e+00
4.556652500044475e-02	2.500000e+00	2.609134e+00
4.561772500044622e-02	2.500000e+00	2.603783e+00
4.566892500044769e-02	2.500000e+00	2.598524e+00
4.572012500044916e-02	2.500000e+00	2.593368e+00
4.577132500045063e-02	2.500000e+00	2.588325e+00
4.582252500045211e-02	2.500000e+00	2.583407e+00
4.587372500045358e-02	2.500000e+00	2.578625e+00
4.592492500045505e-02	2.500000e+00	2.573987e+00
4.597612500045652e-02	2.500000e+00	2.569503e+00
4.602732500045800e-02	2.500000e+00	2.565180e+00
4.607852500045947e-02	2.500000e+00	2.561026e+00
4.612972500046094e-02	2.500000e+00	2.557045e+00
4.618092500046241e-02	2.500000e+00	2.553241e+00
4.623212500046388e-02	2.500000e+00	2.549616e+00
4.628332500046536e-02	2.500000e+00	2.546170e+00
4.633452500046683e-02	2.500000e+00	2.542901e+00
4.638572500046830e-02	2.500000e+00	2.539808e+00
4.643692500046977e-02	2.500000e+00	2.536886e+00
4.648812500047125e-02	2.500000e+00	2.534132e+00
4.653932500047272e-02	2.500000e+00	2.531540e+00
4.659052500047419e-02	2.500000e+00	2.529103e+00
4.664172500047566e-02	2.500000e+00	2.526816e+00
4.669292500047714e-02	2.500000e+00	2.524672e+00
4.674412500047861e-02	2.500000e+00	2.522664e+00
4.679532500048008e-02	2.500000e+00	2.520785e+00
4.684652500048155e-02	2.500000e+00	2.519027e+00
4.689772500048302e-02	2.500000e+00	2.517385e+00
4.694892500048450e-02	2.500000e+00	2.515852e+00
4.700012500048597e-02	2.500000e+00	2.514420e+00
4.705132500048744e-02	2.500000e+00	2.513085e+00
4.710252500048891e-02	2.500000e+00	2.511839e+00
4.715372500049039e-02	2.500000e+00	2.510677e+00
4.720492500049186e-02	2.500000e+00	2.509595e+00
4.725612500049333e-02	2.500000e+00	2.508585e+00
4.730732500049480e-02	2.500000e+00	2.507645e+00
4.735852500049628e-02	2.500000e+00	2.506769e+00
4.740972500049775e-02	2.500000e+00	2.505953e+00
4.746092500049922e-02	2.500000e+00	2.505193e+00
4.751212500050069e-02	2.500000e+00	2.504485e+00
4.756332500050216e-02	2.500000e+00	2.503826e+00
4.761452500050364e-02	2.500000e+00	2.503212e+00
4.766572500050511e-02	2.500000e+00	2.502640e+00
4.771692500050658e-02	2.500000e+00	2.502108e+00
4.776812500050805e-02	2.500000e+00	2.501613e+00
4.781932500050953e-02	2.500000e+00	2.501151e+00
4.787052500051100e-02	2.500000e+00	2.500722e+00
4.792172500051247e-02	2.500000e+00	2.500322e+00
4.797292500051394e-02	2.500000e+00	2.499949e+00
4.802412500051541e-02	2.500000e+00	2.499603e+00
4.807532500051689e-02	2.500000e+00	2.499280e+00
4.812652500051836e-02	2.500000e+00	2.498979e+00
4.817772500051983e-02	2.500000e+00	2.498699e+00
4.822892500052130e-02	2.500000e+00	2.498439e+00
4.828012500052278e-02	2.500000e+00	2.498196e+00
4.833132500052425e-02	2.500000e+00	2.497970e+00
4.838252500052572e-02	2.500000e+00	2.497760e+00
4.843372500052719e-02	2.500000e+00	2.497564e+00
4.848492500052867e-02	2.500000e+00	2.497382e+00
4.853612500053014e-02	2.500000e+00	2.497212e+00
4.858732500053161e-02	2.500000e+00	2.497054e+00
4.863852500053308e-02	2.500000e+00	2.496907e+00
4.868972500053455e-02	2.500000e+00	2.496770e+00
4.874092500053603e-02	2.500000e+00	2.496642e+00
4.879212500053750e-02	2.500000e+00	2.496524e+00
4.884332500053897e-02	2.500000e+00	2.496413e+00
4.889452500054044e-02	2.500000e+00	2.496310e+00
4.894572500054192e-02	2.500000e+00	2.496214e+00
4.899692500054339e-02	2.500000e+00	2.496125e+00
4.904812500054486e-02	2.500000e+00	2.496042e+00
4.909932500054633e-02	2.500000e+00	2.495964e+00
4.915052500054781e-02	2.500000e+00	2.495892e+00
4.920172500054928e-02	2.500000e+00	2.495825e+00
4.925292500055075e-02	2.500000e+00	2.495762e+00
4.930412500055222e-02	2.500000e+00	2.495704e+00
4.935532500055369e-02	2.500000e+00	2.495650e+00
4.940652500055517e-02	2.500000e+00	2.495600e+00
4.945772500055664e-02	2.500000e+00	2.495553e+00
4.950892500055811e-02	2.500000e+00	2.495509e+00
4.956012500055958e-02	2.500000e+00	2.495468e+00
4.961132500056106e-02	2.500000e+00	2.495430e+00
4.966252500056253e-02	2.500000e+00	2.495395e+00
4.971372500056400e-02	2.500000e+00	2.495362e+00
4.976492500056547e-02	2.500000e+00	2.495331e+00
4.981612500056695e-02	2.500000e+00	2.495303e+00
4.986732500056842e-02	2.500000e+00	2.495276e+00
4.991852500056989e-02	2.500000e+00	2.495251e+00
4.996972500057136e-02	2.500000e+00	2.495228e+00
5.002092500057283e-02	2.500000e+00	2.495207e+00
5.007212500057431e-02	2.500000e+00	2.495187e+00
5.012332500057578e-02	2.500000e+00	2.495168e+00
5.017452500057725e-02	2.500000e+00	2.495151e+00
5.022572500057872e-02	2.500000e+00	2.495135e+00
5.027692500058020e-02	2.500000e+00	2.495120e+00
5.032812500058167e-02	2.500000e+00	2.495106e+00
5.037932500058314e-02	2.500000e+00	2.495093e+00
5.043052500058461e-02	2.500000e+00	2.495080e+00
5.048172500058608e-02	2.500000e+00	2.495069e+00
5.053292500058756e-02	2.500000e+00	2.495059e+00
5.058412500058903e-02	2.500000e+00	2.495049e+00
5.063532500059050e-02	2.500000e+00	2.495040e+00
5.068652500059197e-02	2.500000e+00	2.495031e+00
5.073772500059345e-02	2.500000e+00	2.495023e+00
5.078892500059492e-02	2.500000e+00	2.495016e+00
5.084012500059639e-02	2.500000e+00	2.495009e+00
5.089132500059786e-02	2.500000e+00	2.495003e+00
5.094252500059934e-02	2.500000e+00	2.494997e+00
5.099372500060081e-02	2.500000e+00	2.494991e+00
5.104492500060228e-02	2.500000e+00	2.494986e+00
5.109612500060375e-02	2.500000e+00	2.494981e+00
5.114732500060522e-02	2.500000e+00	2.494977e+00
5.119852500060670e-02	2.500000e+00	2.494973e+00
5.124972500060817e-02	2.500000e+00	2.494969e+00
5.130092500060964e-02	2.500000e+00	2.494965e+00
5.135212500061111e-02	2.500000e+00	2.494962e+00
5.140332500061259e-02	2.500000e+00	2.494959e+00
5.145452500061406e-02	2.500000e+00	2.494956e+00
5.150572500061553e-02	2.500000e+00	2.494953e+00
5.155692500061700e-02	2.500000e+00	2.494951e+00
5.160812500061848e-02	2.500000e+00	2.494948e+00
5.165932500061995e-02	2.500000e+00	2.494946e+00
5.171052500062142e-02	2.500000e+00	2.494944e+00
5.176172500062289e-02	2.500000e+00	2.494942e+00
5.181292500062436e-02	2.500000e+00	2.494940e+00
5.186412500062584e-02	2.500000e+00	2.494939e+00
5.191532500062731e-02	2.500000e+00	2.494937e+00
5.196652500062878e-02	2.500000e+00	2.494936e+00
5.201772500063025e-02	2.500000e+00	2.494934e+00
5.206892500063173e-02	2.500000e+00	2.494933e+00
5.212012500063320e-02	2.500000e+00	2.494932e+00
5.217132500063467e-02	2.500000e+00	2.494931e+00
5.222252500063614e-02	2.500000e+00	2.494930e+00
5.227372500063762e-02	2.500000e+00	2.494929e+00
5.232492500063909e-02	2.500000e+00	2.494928e+00
5.237612500064056e-02	2.500000e+00	2.494927e+00
5.242732500064203e-02	2.500000e+00	2.494926e+00
5.247852500064350e-02	2.500000e+00	2.494926e+00
5.252972500064498e-02	2.500000e+00	2.494925e+00
5.258092500064645e-02	2.500000e+00	2.494925e+00
5.263212500064792e-02	2.500000e+00	2.494924e+00
5.268332500064939e-02	2.500000e+00	2.494923e+00
5.273452500065087e-02	2.500000e+00	2.494923e+00
5.278572500065234e-02	2.500000e+00	2.494922e+00
5.283692500065381e-02	2.500000e+00	2.494922e+00
5.288812500065528e-02	2.500000e+00	2.494922e+00
5.293932500065675e-02	2.500000e+00	2.494921e+00
5.299052500065823e-02	2.500000e+00	2.494921e+00
5.304172500065970e-02	2.500000e+00	2.494920e+00
5.309292500066117e-02	2.500000e+00	2.494920e+00
5.314412500066264e-02	2.500000e+00	2.494920e+00
5.319532500066412e-02	2.500000e+00	2.494920e+00
5.324652500066559e-02	2.500000e+00	2.494920e+00
5.329772500066706e-02	2.500000e+00	2.494919e+00
5.334892500066853e-02	2.500000e+00	2.494919e+00
5.340012500067001e-02	2.500000e+00	2.494919e+00
5.345132500067148e-02	2.500000e+00	2.494919e+00
5.350252500067295e-02	2.500000e+00	2.494919e+00
5.355372500067442e-02	2.500000e+00	2.494918e+00
5.360492500067589e-02	2.500000e+00	2.494918e+00
5.365612500067737e-02	2.500000e+00	2.494918e+00
5.370732500067884e-02	2.500000e+00	2.494918e+00
5.375852500068031e-02	2.500000e+00	2.494918e+00
5.380972500068178e-02	2.500000e+00	2.494918e+00
5.386092500068326e-02	2.500000e+00	2.494918e+00
5.391212500068473e-02	2.500000e+00	2.494918e+00
5.396332500068620e-02	2.500000e+00	2.494917e+00
5.401452500068767e-02	2.500000e+00	2.494917e+00
5.406572500068915e-02	2.500000e+00	2.494917e+00
5.411692500069062e-02	2.500000e+00	2.494917e+00
5.416812500069209e-02	2.500000e+00	2.494917e+00
5.421932500069356e-02	2.500000e+00	2.494917e+00
5.427052500069503e-02	2.500000e+00	2.494917e+00
5.432172500069651e-02	2.500000e+00	2.494917e+00
5.437292500069798e-02	2.500000e+00	2.494917e+00
5.442412500069945e-02	2.500000e+00	2.494917e+00
5.447532500070092e-02	2.500000e+00	2.494917e+00
5.452652500070240e-02	2.500000e+00	2.494917e+00
5.457772500070387e-02	2.500000e+00	2.494917e+00
5.462892500070534e-02	2.500000e+00	2.494917e+00
5.468012500070681e-02	2.500000e+00	2.494917e+00
5.473132500070828e-02	2.500000e+00	2.494917e+00
5.478252500070976e-02	2.500000e+00	2.494917e+00
5.483372500071123e-02	2.500000e+00	2.494917e+00
5.488492500071270e-02	2.500000e+00	2.494917e+00
5.493612500071417e-02	2.500000e+00	2.494916e+00
5.498732500071565e-02	2.500000e+00	2.494916e+00
5.503852500071712e-02	2.500000e+00	2.494916e+00
5.508972500071859e-02	2.500000e+00	2.494916e+00
5.514092500072006e-02	2.500000e+00	2.494916e+00
5.519212500072154e-02	2.500000e+00	2.494916e+00
5.524332500072301e-02	2.500000e+00	2.494916e+00
5.529452500072448e-02	2.500000e+00	2.494916e+00
5.534572500072595e-02	2.500000e+00	2.494916e+00
5.539692500072742e-02	2.500000e+00	2.494916e+00
5.544812500072890e-02	2.500000e+00	2.494916e+00
5.549932500073037e-02	2.500000e+00	2.494916e+00
5.555052500073184e-02	2.500000e+00	2.494916e+00
5.560172500073331e-02	2.500000e+00	2.494916e+00
5.565292500073479e-02	2.500000e+00	2.494916e+00
5.570412500073626e-02	2.500000e+00	2.494916e+00
5.575532500073773e-02	2.500000e+00	2.494916e+00
5.580652500073920e-02	2.500000e+00	2.494916e+00
5.585772500074068e-02	2.500000e+00	2.494916e+00
5.590892500074215e-02	2.500000e+00	2.494916e+00
5.596012500074362e-02	2.500000e+00	2.494916e+00
5.601132500074509e-02	2.500000e+00	2.494916e+00
5.606252500074656e-02	2.500000e+00	2.494916e+00
5.611372500074804e-02	2.500000e+00	2.494916e+00
5.616492500074951e-02	2.500000e+00	2.494916e+00
5.621612500075098e-02	2.500000e+00	2.494916e+00
5.626732500075245e-02	2.500000e+00	2.494916e+00
5.631852500075393e-02	2.500000e+00	2.494916e+00
5.636972500075540e-02	2.500000e+00	2.494916e+00
5.642092500075687e-02	2.500000e+00	2.494916e+00
5.647212500075834e-02	2.500000e+00	2.494916e+00
5.652332500075982e-02	2.500000e+00	2.494916e+00
5.657452500076129e-02	2.500000e+00	2.494916e+00
5.662572500076276e-02	2.500000e+00	2.494916e+00
5.667692500076423e-02	2.500000e+00	2.494916e+00
5.672812500076570e-02	2.500000e+00	2.494916e+00
5.677932500076718e-02	2.500000e+00	2.494916e+00
5.683052500076865e-02	2.500000e+00	2.494916e+00
5.688172500077012e-02	2.500000e+00	2.494916e+00
5.693292500077159e-02	2.500000e+00	2.494916e+00
5.698412500077307e-02	2.500000e+00	2.494916e+00
5.703532500077454e-02	2.500000e+00	2.494916e+00
5.708652500077601e-02	2.500000e+00	2.494916e+00
5.713772500077748e-02	2.500000e+00	2.494916e+00
5.718892500077895e-02	2.500000e+00	2.494916e+00
5.724012500078043e-02	2.500000e+00	2.494916e+00
5.729132500078190e-02	2.500000e+00	2.494916e+00
5.734252500078337e-02	2.500000e+00	2.494916e+00
5.739372500078484e-02	2.500000e+00	2.494916e+00
5.744492500078632e-02	2.500000e+00	2.494916e+00
5.749612500078779e-02	2.500000e+00	2.494916e+00
5.754732500078926e-02	2.500000e+00	2.494916e+00
5.759852500079073e-02	2.500000e+00	2.494916e+00
5.764972500079221e-02	2.500000e+00	2.494916e+00
5.770092500079368e-02	2.500000e+00	2.494916e+00
5.775212500079515e-02	2.500000e+00	2.494916e+00
5.780332500079662e-02	2.500000e+00	2.494916e+00
5.785452500079809e-02	2.500000e+00	2.494916e+00
5.790572500079957e-02	2.500000e+00	2.494916e+00
5.795692500080104e-02	2.500000e+00	2.494916e+00
5.800812500080251e-02	2.500000e+00	2.494916e+00
5.805932500080398e-02	2.500000e+00	2.494916e+00
5.811052500080546e-02	2.500000e+00	2.494916e+00
5.816172500080693e-02	2.500000e+00	2.494916e+00
5.821292500080840e-02	2.500000e+00	2.494916e+00
5.826412500080987e-02	2.500000e+00	2.494916e+00
5.831532500081135e-02	2.500000e+00	2.494916e+00
5.836652500081282e-02	2.500000e+00	2.494916e+00
5.841772500081429e-02	2.500000e+00	2.494916e+00
5.846892500081576e-02	2.500000e+00	2.494916e+00
5.852012500081723e-02	2.500000e+00	2.494916e+00
5.857132500081871e-02	2.500000e+00	2.494916e+00
5.862252500082018e-02	2.500000e+00	2.494916e+00
5.867372500082165e-02	2.500000e+00	2.494916e+00
5.872492500082312e-02	2.500000e+00	2.494916e+00
5.877612500082460e-02	2.500000e+00	2.494916e+00
5.882732500082607e-02	2.500000e+00	2.494916e+00
5.887852500082754e-02	2.500000e+00	2.494916e+00
5.892972500082901e-02	2.500000e+00	2.494916e+00
5.898092500083049e-02	2.500000e+00	2.494916e+00
5.903212500083196e-02	2.500000e+00	2.494916e+00
5.908332500083343e-02	2.500000e+00	2.494916e+00
5.913452500083490e-02	2.500000e+00	2.494916e+00
5.918572500083637e-02	2.500000e+00	2.494916e+00
5.923692500083785e-02	2.500000e+00	2.494916e+00
5.928812500083932e-02	2.500000e+00	2.494916e+00
5.933932500084079e-02	2.500000e+00	2.494916e+00
5.939052500084226e-02	2.500000e+00	2.494916e+00
5.944172500084374e-02	2.500000e+00	2.494916e+00
5.949292500084521e-02	2.500000e+00	2.494916e+00
5.954412500084668e-02	2.500000e+00	2.494916e+00
5.959532500084815e-02	2.500000e+00	2.494916e+00
5.964652500084962e-02	2.500000e+00	2.494916e+00
5.969772500085110e-02	2.500000e+00	2.494916e+00
5.974892500085257e-02	2.500000e+00	2.494916e+00
5.980012500085404e-02	2.500000e+00	2.494916e+00
5.985132500085551e-02	2.500000e+00	2.494916e+00
5.990252500085699e-02	2.500000e+00	2.494916e+00
5.995372500085846e-02	2.500000e+00	2.494916e+00
5.999997500085979e-02	2.500000e+00	2.494916e+00
6.000000000000000e-02	2.500000e+00	2.494916e+00
