v1	V(vout)
2.400000000000000e+000	6.462488e-002
2.400100000000000e+000	6.467929e-002
2.400200000000000e+000	6.473585e-002
2.400300000000001e+000	6.479142e-002
2.400400000000001e+000	6.484703e-002
2.400500000000001e+000	6.490270e-002
2.400600000000001e+000	6.495842e-002
2.400700000000001e+000	6.501420e-002
2.400800000000002e+000	6.507003e-002
2.400900000000002e+000	6.512591e-002
2.401000000000002e+000	6.518184e-002
2.401100000000002e+000	6.523784e-002
2.401200000000002e+000	6.529388e-002
2.401300000000003e+000	6.534997e-002
2.401400000000003e+000	6.540612e-002
2.401500000000003e+000	6.546233e-002
2.401600000000003e+000	6.551859e-002
2.401700000000004e+000	6.557490e-002
2.401800000000004e+000	6.563126e-002
2.401900000000004e+000	6.568769e-002
2.402000000000004e+000	6.574416e-002
2.402100000000004e+000	6.580069e-002
2.402200000000005e+000	6.585727e-002
2.402300000000005e+000	6.591391e-002
2.402400000000005e+000	6.597061e-002
2.402500000000005e+000	6.602735e-002
2.402600000000005e+000	6.608415e-002
2.402700000000006e+000	6.614101e-002
2.402800000000006e+000	6.619792e-002
2.402900000000006e+000	6.625489e-002
2.403000000000006e+000	6.631192e-002
2.403100000000007e+000	6.636900e-002
2.403200000000007e+000	6.642613e-002
2.403300000000007e+000	6.648332e-002
2.403400000000007e+000	6.654056e-002
2.403500000000007e+000	6.659786e-002
2.403600000000008e+000	6.665523e-002
2.403700000000008e+000	6.671264e-002
2.403800000000008e+000	6.677011e-002
2.403900000000008e+000	6.682763e-002
2.404000000000008e+000	6.688522e-002
2.404100000000009e+000	6.694286e-002
2.404200000000009e+000	6.700055e-002
2.404300000000009e+000	6.705830e-002
2.404400000000009e+000	6.711611e-002
2.404500000000009e+000	6.717397e-002
2.404600000000010e+000	6.723189e-002
2.404700000000010e+000	6.728987e-002
2.404800000000010e+000	6.734791e-002
2.404900000000010e+000	6.740601e-002
2.405000000000011e+000	6.746416e-002
2.405100000000011e+000	6.752237e-002
2.405200000000011e+000	6.758063e-002
2.405300000000011e+000	6.763896e-002
2.405400000000011e+000	6.769734e-002
2.405500000000012e+000	6.775578e-002
2.405600000000012e+000	6.781428e-002
2.405700000000012e+000	6.787283e-002
2.405800000000012e+000	6.793144e-002
2.405900000000012e+000	6.799012e-002
2.406000000000013e+000	6.804885e-002
2.406100000000013e+000	6.810764e-002
2.406200000000013e+000	6.816649e-002
2.406300000000013e+000	6.822539e-002
2.406400000000013e+000	6.828436e-002
2.406500000000014e+000	6.834339e-002
2.406600000000014e+000	6.840247e-002
2.406700000000014e+000	6.846161e-002
2.406800000000014e+000	6.852081e-002
2.406900000000015e+000	6.858008e-002
2.407000000000015e+000	6.863940e-002
2.407100000000015e+000	6.869878e-002
2.407200000000015e+000	6.875822e-002
2.407300000000015e+000	6.881772e-002
2.407400000000016e+000	6.887729e-002
2.407500000000016e+000	6.893691e-002
2.407600000000016e+000	6.899659e-002
2.407700000000016e+000	6.905633e-002
2.407800000000016e+000	6.911613e-002
2.407900000000017e+000	6.917600e-002
2.408000000000017e+000	6.923592e-002
2.408100000000017e+000	6.929591e-002
2.408200000000017e+000	6.935595e-002
2.408300000000017e+000	6.941605e-002
2.408400000000018e+000	6.947622e-002
2.408500000000018e+000	6.953645e-002
2.408600000000018e+000	6.959675e-002
2.408700000000018e+000	6.965709e-002
2.408800000000019e+000	6.971751e-002
2.408900000000019e+000	6.977799e-002
2.409000000000019e+000	6.983852e-002
2.409100000000019e+000	6.989912e-002
2.409200000000019e+000	6.995978e-002
2.409300000000020e+000	7.002051e-002
2.409400000000020e+000	7.008129e-002
2.409500000000020e+000	7.014214e-002
2.409600000000020e+000	7.020306e-002
2.409700000000020e+000	7.026403e-002
2.409800000000021e+000	7.032507e-002
2.409900000000021e+000	7.038616e-002
2.410000000000021e+000	7.044733e-002
2.410100000000021e+000	7.050855e-002
2.410200000000021e+000	7.056985e-002
2.410300000000022e+000	7.063120e-002
2.410400000000022e+000	7.069262e-002
2.410500000000022e+000	7.075410e-002
2.410600000000022e+000	7.081565e-002
2.410700000000023e+000	7.087725e-002
2.410800000000023e+000	7.093893e-002
2.410900000000023e+000	7.100067e-002
2.411000000000023e+000	7.106247e-002
2.411100000000023e+000	7.112433e-002
2.411200000000024e+000	7.118626e-002
2.411300000000024e+000	7.124826e-002
2.411400000000024e+000	7.131032e-002
2.411500000000024e+000	7.137244e-002
2.411600000000024e+000	7.143464e-002
2.411700000000025e+000	7.149689e-002
2.411800000000025e+000	7.155921e-002
2.411900000000025e+000	7.162160e-002
2.412000000000025e+000	7.168406e-002
2.412100000000025e+000	7.174657e-002
2.412200000000026e+000	7.180916e-002
2.412300000000026e+000	7.187181e-002
2.412400000000026e+000	7.193453e-002
2.412500000000026e+000	7.199731e-002
2.412600000000027e+000	7.206016e-002
2.412700000000027e+000	7.212307e-002
2.412800000000027e+000	7.218606e-002
2.412900000000027e+000	7.224911e-002
2.413000000000027e+000	7.231223e-002
2.413100000000028e+000	7.237541e-002
2.413200000000028e+000	7.243866e-002
2.413300000000028e+000	7.250199e-002
2.413400000000028e+000	7.256537e-002
2.413500000000028e+000	7.262883e-002
2.413600000000029e+000	7.269235e-002
2.413700000000029e+000	7.275594e-002
2.413800000000029e+000	7.281960e-002
2.413900000000029e+000	7.288333e-002
2.414000000000030e+000	7.294712e-002
2.414100000000030e+000	7.301099e-002
2.414200000000030e+000	7.307492e-002
2.414300000000030e+000	7.313892e-002
2.414400000000030e+000	7.320300e-002
2.414500000000031e+000	7.326713e-002
2.414600000000031e+000	7.333134e-002
2.414700000000031e+000	7.339562e-002
2.414800000000031e+000	7.345998e-002
2.414900000000031e+000	7.352439e-002
2.415000000000032e+000	7.358888e-002
2.415100000000032e+000	7.365344e-002
2.415200000000032e+000	7.371807e-002
2.415300000000032e+000	7.378276e-002
2.415400000000032e+000	7.384754e-002
2.415500000000033e+000	7.391237e-002
2.415600000000033e+000	7.397728e-002
2.415700000000033e+000	7.404227e-002
2.415800000000033e+000	7.410733e-002
2.415900000000034e+000	7.417244e-002
2.416000000000034e+000	7.423764e-002
2.416100000000034e+000	7.430291e-002
2.416200000000034e+000	7.436825e-002
2.416300000000034e+000	7.443366e-002
2.416400000000035e+000	7.449915e-002
2.416500000000035e+000	7.456470e-002
2.416600000000035e+000	7.463033e-002
2.416700000000035e+000	7.469603e-002
2.416800000000035e+000	7.476180e-002
2.416900000000036e+000	7.482765e-002
2.417000000000036e+000	7.489356e-002
2.417100000000036e+000	7.495955e-002
2.417200000000036e+000	7.502562e-002
2.417300000000036e+000	7.509176e-002
2.417400000000037e+000	7.515797e-002
2.417500000000037e+000	7.522426e-002
2.417600000000037e+000	7.529061e-002
2.417700000000037e+000	7.535705e-002
2.417800000000038e+000	7.542356e-002
2.417900000000038e+000	7.549014e-002
2.418000000000038e+000	7.555680e-002
2.418100000000038e+000	7.562353e-002
2.418200000000038e+000	7.569034e-002
2.418300000000039e+000	7.575722e-002
2.418400000000039e+000	7.582417e-002
2.418500000000039e+000	7.589120e-002
2.418600000000039e+000	7.595831e-002
2.418700000000039e+000	7.602550e-002
2.418800000000040e+000	7.609276e-002
2.418900000000040e+000	7.616010e-002
2.419000000000040e+000	7.622751e-002
2.419100000000040e+000	7.629500e-002
2.419200000000040e+000	7.636256e-002
2.419300000000041e+000	7.643020e-002
2.419400000000041e+000	7.649792e-002
2.419500000000041e+000	7.656571e-002
2.419600000000041e+000	7.663359e-002
2.419700000000042e+000	7.670154e-002
2.419800000000042e+000	7.676957e-002
2.419900000000042e+000	7.683767e-002
2.420000000000042e+000	7.690585e-002
2.420100000000042e+000	7.697412e-002
2.420200000000043e+000	7.704246e-002
2.420300000000043e+000	7.711088e-002
2.420400000000043e+000	7.717937e-002
2.420500000000043e+000	7.724795e-002
2.420600000000043e+000	7.731660e-002
2.420700000000044e+000	7.738534e-002
2.420800000000044e+000	7.745416e-002
2.420900000000044e+000	7.752305e-002
2.421000000000044e+000	7.759202e-002
2.421100000000044e+000	7.766107e-002
2.421200000000045e+000	7.773021e-002
2.421300000000045e+000	7.779942e-002
2.421400000000045e+000	7.786871e-002
2.421500000000045e+000	7.793809e-002
2.421600000000046e+000	7.800755e-002
2.421700000000046e+000	7.807709e-002
2.421800000000046e+000	7.814670e-002
2.421900000000046e+000	7.821640e-002
2.422000000000046e+000	7.828618e-002
2.422100000000047e+000	7.835604e-002
2.422200000000047e+000	7.842599e-002
2.422300000000047e+000	7.849602e-002
2.422400000000047e+000	7.856613e-002
2.422500000000047e+000	7.863632e-002
2.422600000000048e+000	7.870659e-002
2.422700000000048e+000	7.877695e-002
2.422800000000048e+000	7.884739e-002
2.422900000000048e+000	7.891791e-002
2.423000000000048e+000	7.898852e-002
2.423100000000049e+000	7.905921e-002
2.423200000000049e+000	7.912999e-002
2.423300000000049e+000	7.920085e-002
2.423400000000049e+000	7.927179e-002
2.423500000000050e+000	7.934283e-002
2.423600000000050e+000	7.941394e-002
2.423700000000050e+000	7.948513e-002
2.423800000000050e+000	7.955642e-002
2.423900000000050e+000	7.962779e-002
2.424000000000051e+000	7.969924e-002
2.424100000000051e+000	7.977078e-002
2.424200000000051e+000	7.984241e-002
2.424300000000051e+000	7.991412e-002
2.424400000000051e+000	7.998592e-002
2.424500000000052e+000	8.005781e-002
2.424600000000052e+000	8.012978e-002
2.424700000000052e+000	8.020183e-002
2.424800000000052e+000	8.027399e-002
2.424900000000053e+000	8.034622e-002
2.425000000000053e+000	8.041854e-002
2.425100000000053e+000	8.049095e-002
2.425200000000053e+000	8.056345e-002
2.425300000000053e+000	8.063603e-002
2.425400000000054e+000	8.070870e-002
2.425500000000054e+000	8.078147e-002
2.425600000000054e+000	8.085432e-002
2.425700000000054e+000	8.092726e-002
2.425800000000054e+000	8.100029e-002
2.425900000000055e+000	8.107341e-002
2.426000000000055e+000	8.114662e-002
2.426100000000055e+000	8.121992e-002
2.426200000000055e+000	8.129331e-002
2.426300000000055e+000	8.136679e-002
2.426400000000056e+000	8.144037e-002
2.426500000000056e+000	8.151403e-002
2.426600000000056e+000	8.158778e-002
2.426700000000056e+000	8.166163e-002
2.426800000000057e+000	8.173557e-002
2.426900000000057e+000	8.180959e-002
2.427000000000057e+000	8.188371e-002
2.427100000000057e+000	8.195792e-002
2.427200000000057e+000	8.203223e-002
2.427300000000058e+000	8.210663e-002
2.427400000000058e+000	8.218112e-002
2.427500000000058e+000	8.225571e-002
2.427600000000058e+000	8.233038e-002
2.427700000000058e+000	8.240516e-002
2.427800000000059e+000	8.248002e-002
2.427900000000059e+000	8.255498e-002
2.428000000000059e+000	8.263003e-002
2.428100000000059e+000	8.270518e-002
2.428200000000059e+000	8.278043e-002
2.428300000000060e+000	8.285577e-002
2.428400000000060e+000	8.293120e-002
2.428500000000060e+000	8.300673e-002
2.428600000000060e+000	8.308236e-002
2.428700000000061e+000	8.315808e-002
2.428800000000061e+000	8.323390e-002
2.428900000000061e+000	8.330981e-002
2.429000000000061e+000	8.338583e-002
2.429100000000061e+000	8.346193e-002
2.429200000000062e+000	8.353814e-002
2.429300000000062e+000	8.361445e-002
2.429400000000062e+000	8.369084e-002
2.429500000000062e+000	8.376735e-002
2.429600000000062e+000	8.384395e-002
2.429700000000063e+000	8.392064e-002
2.429800000000063e+000	8.399744e-002
2.429900000000063e+000	8.407433e-002
2.430000000000063e+000	8.415133e-002
2.430100000000063e+000	8.422843e-002
2.430200000000064e+000	8.430562e-002
2.430300000000064e+000	8.438291e-002
2.430400000000064e+000	8.446031e-002
2.430500000000064e+000	8.453780e-002
2.430600000000065e+000	8.461540e-002
2.430700000000065e+000	8.469310e-002
2.430800000000065e+000	8.477090e-002
2.430900000000065e+000	8.484881e-002
2.431000000000065e+000	8.492681e-002
2.431100000000066e+000	8.500491e-002
2.431200000000066e+000	8.508312e-002
2.431300000000066e+000	8.516143e-002
2.431400000000066e+000	8.523985e-002
2.431500000000066e+000	8.531837e-002
2.431600000000067e+000	8.539699e-002
2.431700000000067e+000	8.547572e-002
2.431800000000067e+000	8.555455e-002
2.431900000000067e+000	8.563349e-002
2.432000000000067e+000	8.571252e-002
2.432100000000068e+000	8.579167e-002
2.432200000000068e+000	8.587092e-002
2.432300000000068e+000	8.595028e-002
2.432400000000068e+000	8.602974e-002
2.432500000000069e+000	8.610931e-002
2.432600000000069e+000	8.618899e-002
2.432700000000069e+000	8.626877e-002
2.432800000000069e+000	8.634866e-002
2.432900000000069e+000	8.642866e-002
2.433000000000070e+000	8.650876e-002
2.433100000000070e+000	8.658897e-002
2.433200000000070e+000	8.666930e-002
2.433300000000070e+000	8.674973e-002
2.433400000000070e+000	8.683027e-002
2.433500000000071e+000	8.691092e-002
2.433600000000071e+000	8.699168e-002
2.433700000000071e+000	8.707254e-002
2.433800000000071e+000	8.715352e-002
2.433900000000072e+000	8.723461e-002
2.434000000000072e+000	8.731581e-002
2.434100000000072e+000	8.739712e-002
2.434200000000072e+000	8.747854e-002
2.434300000000072e+000	8.756008e-002
2.434400000000073e+000	8.764172e-002
2.434500000000073e+000	8.772349e-002
2.434600000000073e+000	8.780535e-002
2.434700000000073e+000	8.788734e-002
2.434800000000073e+000	8.796944e-002
2.434900000000074e+000	8.805165e-002
2.435000000000074e+000	8.813398e-002
2.435100000000074e+000	8.821642e-002
2.435200000000074e+000	8.829897e-002
2.435300000000074e+000	8.838164e-002
2.435400000000075e+000	8.846442e-002
2.435500000000075e+000	8.854733e-002
2.435600000000075e+000	8.863035e-002
2.435700000000075e+000	8.871348e-002
2.435800000000076e+000	8.879673e-002
2.435900000000076e+000	8.888009e-002
2.436000000000076e+000	8.896358e-002
2.436100000000076e+000	8.904718e-002
2.436200000000076e+000	8.913090e-002
2.436300000000077e+000	8.921474e-002
2.436400000000077e+000	8.929870e-002
2.436500000000077e+000	8.938278e-002
2.436600000000077e+000	8.946697e-002
2.436700000000077e+000	8.955128e-002
2.436800000000078e+000	8.963572e-002
2.436900000000078e+000	8.972028e-002
2.437000000000078e+000	8.980495e-002
2.437100000000078e+000	8.988976e-002
2.437200000000078e+000	8.997467e-002
2.437300000000079e+000	9.005971e-002
2.437400000000079e+000	9.014488e-002
2.437500000000079e+000	9.023017e-002
2.437600000000079e+000	9.031557e-002
2.437700000000080e+000	9.040111e-002
2.437800000000080e+000	9.048676e-002
2.437900000000080e+000	9.057255e-002
2.438000000000080e+000	9.065846e-002
2.438100000000080e+000	9.074449e-002
2.438200000000081e+000	9.083064e-002
2.438300000000081e+000	9.091692e-002
2.438400000000081e+000	9.100333e-002
2.438500000000081e+000	9.108986e-002
2.438600000000081e+000	9.117652e-002
2.438700000000082e+000	9.126331e-002
2.438800000000082e+000	9.135023e-002
2.438900000000082e+000	9.143727e-002
2.439000000000082e+000	9.152444e-002
2.439100000000082e+000	9.161174e-002
2.439200000000083e+000	9.169918e-002
2.439300000000083e+000	9.178673e-002
2.439400000000083e+000	9.187442e-002
2.439500000000083e+000	9.196224e-002
2.439600000000084e+000	9.205019e-002
2.439700000000084e+000	9.213828e-002
2.439800000000084e+000	9.222648e-002
2.439900000000084e+000	9.231483e-002
2.440000000000084e+000	9.240331e-002
2.440100000000085e+000	9.249192e-002
2.440200000000085e+000	9.258066e-002
2.440300000000085e+000	9.266954e-002
2.440400000000085e+000	9.275855e-002
2.440500000000085e+000	9.284770e-002
2.440600000000086e+000	9.293698e-002
2.440700000000086e+000	9.302639e-002
2.440800000000086e+000	9.311594e-002
2.440900000000086e+000	9.320563e-002
2.441000000000086e+000	9.329545e-002
2.441100000000087e+000	9.338542e-002
2.441200000000087e+000	9.347551e-002
2.441300000000087e+000	9.356575e-002
2.441400000000087e+000	9.365613e-002
2.441500000000088e+000	9.374664e-002
2.441600000000088e+000	9.383730e-002
2.441700000000088e+000	9.392809e-002
2.441800000000088e+000	9.401903e-002
2.441900000000088e+000	9.411009e-002
2.442000000000089e+000	9.420131e-002
2.442100000000089e+000	9.429267e-002
2.442200000000089e+000	9.438417e-002
2.442300000000089e+000	9.447581e-002
2.442400000000089e+000	9.456760e-002
2.442500000000090e+000	9.465952e-002
2.442600000000090e+000	9.475160e-002
2.442700000000090e+000	9.484381e-002
2.442800000000090e+000	9.493617e-002
2.442900000000090e+000	9.502868e-002
2.443000000000091e+000	9.512132e-002
2.443100000000091e+000	9.521413e-002
2.443200000000091e+000	9.530707e-002
2.443300000000091e+000	9.540016e-002
2.443400000000092e+000	9.549340e-002
2.443500000000092e+000	9.558679e-002
2.443600000000092e+000	9.568033e-002
2.443700000000092e+000	9.577401e-002
2.443800000000092e+000	9.586785e-002
2.443900000000093e+000	9.596184e-002
2.444000000000093e+000	9.605597e-002
2.444100000000093e+000	9.615026e-002
2.444200000000093e+000	9.624470e-002
2.444300000000093e+000	9.633929e-002
2.444400000000094e+000	9.643403e-002
2.444500000000094e+000	9.652893e-002
2.444600000000094e+000	9.662399e-002
2.444700000000094e+000	9.671920e-002
2.444800000000095e+000	9.681456e-002
2.444900000000095e+000	9.691007e-002
2.445000000000095e+000	9.700575e-002
2.445100000000095e+000	9.710158e-002
2.445200000000095e+000	9.719756e-002
2.445300000000096e+000	9.729370e-002
2.445400000000096e+000	9.739001e-002
2.445500000000096e+000	9.748647e-002
2.445600000000096e+000	9.758309e-002
2.445700000000096e+000	9.767987e-002
2.445800000000097e+000	9.777681e-002
2.445900000000097e+000	9.787391e-002
2.446000000000097e+000	9.797118e-002
2.446100000000097e+000	9.806860e-002
2.446200000000097e+000	9.816619e-002
2.446300000000098e+000	9.826394e-002
2.446400000000098e+000	9.836186e-002
2.446500000000098e+000	9.845994e-002
2.446600000000098e+000	9.855818e-002
2.446700000000099e+000	9.865659e-002
2.446800000000099e+000	9.875517e-002
2.446900000000099e+000	9.885391e-002
2.447000000000099e+000	9.895281e-002
2.447100000000099e+000	9.905189e-002
2.447200000000100e+000	9.915114e-002
2.447300000000100e+000	9.925056e-002
2.447400000000100e+000	9.935015e-002
2.447500000000100e+000	9.944990e-002
2.447600000000100e+000	9.954983e-002
2.447700000000101e+000	9.964993e-002
2.447800000000101e+000	9.975020e-002
2.447900000000101e+000	9.985064e-002
2.448000000000101e+000	9.995126e-002
2.448100000000101e+000	1.000521e-001
2.448200000000102e+000	1.001530e-001
2.448300000000102e+000	1.002542e-001
2.448400000000102e+000	1.003555e-001
2.448500000000102e+000	1.004570e-001
2.448600000000103e+000	1.005586e-001
2.448700000000103e+000	1.006605e-001
2.448800000000103e+000	1.007625e-001
2.448900000000103e+000	1.008647e-001
2.449000000000103e+000	1.009671e-001
2.449100000000104e+000	1.010697e-001
2.449200000000104e+000	1.011724e-001
2.449300000000104e+000	1.012754e-001
2.449400000000104e+000	1.013785e-001
2.449500000000104e+000	1.014818e-001
2.449600000000105e+000	1.015853e-001
2.449700000000105e+000	1.016890e-001
2.449800000000105e+000	1.017928e-001
2.449900000000105e+000	1.018968e-001
2.450000000000105e+000	1.020011e-001
2.450100000000106e+000	1.021055e-001
2.450200000000106e+000	1.022101e-001
2.450300000000106e+000	1.023149e-001
2.450400000000106e+000	1.024199e-001
2.450500000000107e+000	1.025250e-001
2.450600000000107e+000	1.026304e-001
2.450700000000107e+000	1.027360e-001
2.450800000000107e+000	1.028417e-001
2.450900000000107e+000	1.029477e-001
2.451000000000108e+000	1.030538e-001
2.451100000000108e+000	1.031601e-001
2.451200000000108e+000	1.032667e-001
2.451300000000108e+000	1.033734e-001
2.451400000000108e+000	1.034803e-001
2.451500000000109e+000	1.035874e-001
2.451600000000109e+000	1.036948e-001
2.451700000000109e+000	1.038023e-001
2.451800000000109e+000	1.039100e-001
2.451900000000109e+000	1.040179e-001
2.452000000000110e+000	1.041261e-001
2.452100000000110e+000	1.042344e-001
2.452200000000110e+000	1.043429e-001
2.452300000000110e+000	1.044517e-001
2.452400000000111e+000	1.045606e-001
2.452500000000111e+000	1.046698e-001
2.452600000000111e+000	1.047791e-001
2.452700000000111e+000	1.048887e-001
2.452800000000111e+000	1.049985e-001
2.452900000000112e+000	1.051085e-001
2.453000000000112e+000	1.052187e-001
2.453100000000112e+000	1.053291e-001
2.453200000000112e+000	1.054397e-001
2.453300000000112e+000	1.055505e-001
2.453400000000113e+000	1.056616e-001
2.453500000000113e+000	1.057729e-001
2.453600000000113e+000	1.058843e-001
2.453700000000113e+000	1.059960e-001
2.453800000000113e+000	1.061079e-001
2.453900000000114e+000	1.062201e-001
2.454000000000114e+000	1.063324e-001
2.454100000000114e+000	1.064450e-001
2.454200000000114e+000	1.065578e-001
2.454300000000115e+000	1.066708e-001
2.454400000000115e+000	1.067841e-001
2.454500000000115e+000	1.068975e-001
2.454600000000115e+000	1.070112e-001
2.454700000000115e+000	1.071252e-001
2.454800000000116e+000	1.072393e-001
2.454900000000116e+000	1.073537e-001
2.455000000000116e+000	1.074683e-001
2.455100000000116e+000	1.075831e-001
2.455200000000116e+000	1.076982e-001
2.455300000000117e+000	1.078135e-001
2.455400000000117e+000	1.079290e-001
2.455500000000117e+000	1.080448e-001
2.455600000000117e+000	1.081608e-001
2.455700000000118e+000	1.082770e-001
2.455800000000118e+000	1.083935e-001
2.455900000000118e+000	1.085102e-001
2.456000000000118e+000	1.086272e-001
2.456100000000118e+000	1.087444e-001
2.456200000000119e+000	1.088618e-001
2.456300000000119e+000	1.089795e-001
2.456400000000119e+000	1.090974e-001
2.456500000000119e+000	1.092156e-001
2.456600000000119e+000	1.093340e-001
2.456700000000120e+000	1.094527e-001
2.456800000000120e+000	1.095716e-001
2.456900000000120e+000	1.096907e-001
2.457000000000120e+000	1.098102e-001
2.457100000000120e+000	1.099298e-001
2.457200000000121e+000	1.100497e-001
2.457300000000121e+000	1.101699e-001
2.457400000000121e+000	1.102903e-001
2.457500000000121e+000	1.104110e-001
2.457600000000122e+000	1.105320e-001
2.457700000000122e+000	1.106532e-001
2.457800000000122e+000	1.107746e-001
2.457900000000122e+000	1.108963e-001
2.458000000000122e+000	1.110183e-001
2.458100000000123e+000	1.111406e-001
2.458200000000123e+000	1.112631e-001
2.458300000000123e+000	1.113859e-001
2.458400000000123e+000	1.115089e-001
2.458500000000123e+000	1.116322e-001
2.458600000000124e+000	1.117558e-001
2.458700000000124e+000	1.118797e-001
2.458800000000124e+000	1.120038e-001
2.458900000000124e+000	1.121282e-001
2.459000000000124e+000	1.122529e-001
2.459100000000125e+000	1.123778e-001
2.459200000000125e+000	1.125031e-001
2.459300000000125e+000	1.126286e-001
2.459400000000125e+000	1.127544e-001
2.459500000000126e+000	1.128805e-001
2.459600000000126e+000	1.130068e-001
2.459700000000126e+000	1.131335e-001
2.459800000000126e+000	1.132604e-001
2.459900000000126e+000	1.133876e-001
2.460000000000127e+000	1.135151e-001
2.460100000000127e+000	1.136429e-001
2.460200000000127e+000	1.137710e-001
2.460300000000127e+000	1.138994e-001
2.460400000000127e+000	1.140281e-001
2.460500000000128e+000	1.141571e-001
2.460600000000128e+000	1.142863e-001
2.460700000000128e+000	1.144159e-001
2.460800000000128e+000	1.145458e-001
2.460900000000128e+000	1.146760e-001
2.461000000000129e+000	1.148065e-001
2.461100000000129e+000	1.149372e-001
2.461200000000129e+000	1.150683e-001
2.461300000000129e+000	1.151997e-001
2.461400000000130e+000	1.153315e-001
2.461500000000130e+000	1.154635e-001
2.461600000000130e+000	1.155958e-001
2.461700000000130e+000	1.157285e-001
2.461800000000130e+000	1.158614e-001
2.461900000000131e+000	1.159947e-001
2.462000000000131e+000	1.161283e-001
2.462100000000131e+000	1.162623e-001
2.462200000000131e+000	1.163965e-001
2.462300000000131e+000	1.165311e-001
2.462400000000132e+000	1.166660e-001
2.462500000000132e+000	1.168013e-001
2.462600000000132e+000	1.169368e-001
2.462700000000132e+000	1.170727e-001
2.462800000000132e+000	1.172090e-001
2.462900000000133e+000	1.173455e-001
2.463000000000133e+000	1.174825e-001
2.463100000000133e+000	1.176197e-001
2.463200000000133e+000	1.177573e-001
2.463300000000134e+000	1.178952e-001
2.463400000000134e+000	1.180335e-001
2.463500000000134e+000	1.181721e-001
2.463600000000134e+000	1.183111e-001
2.463700000000134e+000	1.184504e-001
2.463800000000135e+000	1.185901e-001
2.463900000000135e+000	1.187302e-001
2.464000000000135e+000	1.188706e-001
2.464100000000135e+000	1.190113e-001
2.464200000000135e+000	1.191524e-001
2.464300000000136e+000	1.192939e-001
2.464400000000136e+000	1.194357e-001
2.464500000000136e+000	1.195779e-001
2.464600000000136e+000	1.197205e-001
2.464700000000136e+000	1.198635e-001
2.464800000000137e+000	1.200068e-001
2.464900000000137e+000	1.201505e-001
2.465000000000137e+000	1.202946e-001
2.465100000000137e+000	1.204390e-001
2.465200000000138e+000	1.205839e-001
2.465300000000138e+000	1.207291e-001
2.465400000000138e+000	1.208747e-001
2.465500000000138e+000	1.210207e-001
2.465600000000138e+000	1.211671e-001
2.465700000000139e+000	1.213139e-001
2.465800000000139e+000	1.214611e-001
2.465900000000139e+000	1.216086e-001
2.466000000000139e+000	1.217566e-001
2.466100000000139e+000	1.219050e-001
2.466200000000140e+000	1.220538e-001
2.466300000000140e+000	1.222030e-001
2.466400000000140e+000	1.223526e-001
2.466500000000140e+000	1.225026e-001
2.466600000000141e+000	1.226531e-001
2.466700000000141e+000	1.228039e-001
2.466800000000141e+000	1.229552e-001
2.466900000000141e+000	1.231069e-001
2.467000000000141e+000	1.232590e-001
2.467100000000142e+000	1.234116e-001
2.467200000000142e+000	1.235646e-001
2.467300000000142e+000	1.237180e-001
2.467400000000142e+000	1.238718e-001
2.467500000000142e+000	1.240261e-001
2.467600000000143e+000	1.241809e-001
2.467700000000143e+000	1.243361e-001
2.467800000000143e+000	1.244917e-001
2.467900000000143e+000	1.246478e-001
2.468000000000143e+000	1.248043e-001
2.468100000000144e+000	1.249613e-001
2.468200000000144e+000	1.251188e-001
2.468300000000144e+000	1.252767e-001
2.468400000000144e+000	1.254351e-001
2.468500000000145e+000	1.255939e-001
2.468600000000145e+000	1.257532e-001
2.468700000000145e+000	1.259130e-001
2.468800000000145e+000	1.260733e-001
2.468900000000145e+000	1.262341e-001
2.469000000000146e+000	1.263953e-001
2.469100000000146e+000	1.265571e-001
2.469200000000146e+000	1.267193e-001
2.469300000000146e+000	1.268820e-001
2.469400000000146e+000	1.270452e-001
2.469500000000147e+000	1.272089e-001
2.469600000000147e+000	1.273731e-001
2.469700000000147e+000	1.275379e-001
2.469800000000147e+000	1.277031e-001
2.469900000000147e+000	1.278688e-001
2.470000000000148e+000	1.280351e-001
2.470100000000148e+000	1.282019e-001
2.470200000000148e+000	1.283692e-001
2.470300000000148e+000	1.285371e-001
2.470400000000149e+000	1.287055e-001
2.470500000000149e+000	1.288744e-001
2.470600000000149e+000	1.290438e-001
2.470700000000149e+000	1.292139e-001
2.470800000000149e+000	1.293844e-001
2.470900000000150e+000	1.295555e-001
2.471000000000150e+000	1.297272e-001
2.471100000000150e+000	1.298994e-001
2.471200000000150e+000	1.300722e-001
2.471300000000150e+000	1.302456e-001
2.471400000000151e+000	1.304195e-001
2.471500000000151e+000	1.305940e-001
2.471600000000151e+000	1.307691e-001
2.471700000000151e+000	1.309448e-001
2.471800000000151e+000	1.311210e-001
2.471900000000152e+000	1.312979e-001
2.472000000000152e+000	1.314753e-001
2.472100000000152e+000	1.316534e-001
2.472200000000152e+000	1.318321e-001
2.472300000000153e+000	1.320114e-001
2.472400000000153e+000	1.321913e-001
2.472500000000153e+000	1.323718e-001
2.472600000000153e+000	1.325529e-001
2.472700000000153e+000	1.327347e-001
2.472800000000154e+000	1.329171e-001
2.472900000000154e+000	1.331002e-001
2.473000000000154e+000	1.332839e-001
2.473100000000154e+000	1.334683e-001
2.473200000000154e+000	1.336533e-001
2.473300000000155e+000	1.338390e-001
2.473400000000155e+000	1.340253e-001
2.473500000000155e+000	1.342123e-001
2.473600000000155e+000	1.344000e-001
2.473700000000155e+000	1.345884e-001
2.473800000000156e+000	1.347775e-001
2.473900000000156e+000	1.349672e-001
2.474000000000156e+000	1.351577e-001
2.474100000000156e+000	1.353489e-001
2.474200000000157e+000	1.355408e-001
2.474300000000157e+000	1.357334e-001
2.474400000000157e+000	1.359267e-001
2.474500000000157e+000	1.361207e-001
2.474600000000157e+000	1.363155e-001
2.474700000000158e+000	1.365111e-001
2.474800000000158e+000	1.367074e-001
2.474900000000158e+000	1.369044e-001
2.475000000000158e+000	1.371022e-001
2.475100000000158e+000	1.373008e-001
2.475200000000159e+000	1.375001e-001
2.475300000000159e+000	1.377002e-001
2.475400000000159e+000	1.379012e-001
2.475500000000159e+000	1.381029e-001
2.475600000000160e+000	1.383054e-001
2.475700000000160e+000	1.385087e-001
2.475800000000160e+000	1.387128e-001
2.475900000000160e+000	1.389178e-001
2.476000000000160e+000	1.391236e-001
2.476100000000161e+000	1.393302e-001
2.476200000000161e+000	1.395377e-001
2.476300000000161e+000	1.397461e-001
2.476400000000161e+000	1.399553e-001
2.476500000000161e+000	1.401653e-001
2.476600000000162e+000	1.403763e-001
2.476700000000162e+000	1.405881e-001
2.476800000000162e+000	1.408008e-001
2.476900000000162e+000	1.410145e-001
2.477000000000162e+000	1.412290e-001
2.477100000000163e+000	1.414445e-001
2.477200000000163e+000	1.416609e-001
2.477300000000163e+000	1.418782e-001
2.477400000000163e+000	1.420965e-001
2.477500000000164e+000	1.423157e-001
2.477600000000164e+000	1.425359e-001
2.477700000000164e+000	1.427571e-001
2.477800000000164e+000	1.429792e-001
2.477900000000164e+000	1.432024e-001
2.478000000000165e+000	1.434265e-001
2.478100000000165e+000	1.436517e-001
2.478200000000165e+000	1.438779e-001
2.478300000000165e+000	1.441051e-001
2.478400000000165e+000	1.443334e-001
2.478500000000166e+000	1.445627e-001
2.478600000000166e+000	1.447931e-001
2.478700000000166e+000	1.450246e-001
2.478800000000166e+000	1.452571e-001
2.478900000000166e+000	1.454908e-001
2.479000000000167e+000	1.457256e-001
2.479100000000167e+000	1.459615e-001
2.479200000000167e+000	1.461985e-001
2.479300000000167e+000	1.464367e-001
2.479400000000168e+000	1.466760e-001
2.479500000000168e+000	1.469165e-001
2.479600000000168e+000	1.471582e-001
2.479700000000168e+000	1.474011e-001
2.479800000000168e+000	1.476452e-001
2.479900000000169e+000	1.478905e-001
2.480000000000169e+000	1.481371e-001
2.480100000000169e+000	1.483849e-001
2.480200000000169e+000	1.486340e-001
2.480300000000169e+000	1.488843e-001
2.480400000000170e+000	1.491360e-001
2.480500000000170e+000	1.493890e-001
2.480600000000170e+000	1.496432e-001
2.480700000000170e+000	1.498989e-001
2.480800000000170e+000	1.501558e-001
2.480900000000171e+000	1.504142e-001
2.481000000000171e+000	1.506739e-001
2.481100000000171e+000	1.509350e-001
2.481200000000171e+000	1.511976e-001
2.481300000000172e+000	1.514616e-001
2.481400000000172e+000	1.517270e-001
2.481500000000172e+000	1.519939e-001
2.481600000000172e+000	1.522623e-001
2.481700000000172e+000	1.525322e-001
2.481800000000173e+000	1.528037e-001
2.481900000000173e+000	1.530766e-001
2.482000000000173e+000	1.533512e-001
2.482100000000173e+000	1.536273e-001
2.482200000000173e+000	1.539050e-001
2.482300000000174e+000	1.541844e-001
2.482400000000174e+000	1.544653e-001
2.482500000000174e+000	1.547480e-001
2.482600000000174e+000	1.550324e-001
2.482700000000174e+000	1.553184e-001
2.482800000000175e+000	1.556062e-001
2.482900000000175e+000	1.558957e-001
2.483000000000175e+000	1.561870e-001
2.483100000000175e+000	1.564801e-001
2.483200000000176e+000	1.567751e-001
2.483300000000176e+000	1.570719e-001
2.483400000000176e+000	1.573705e-001
2.483500000000176e+000	1.576711e-001
2.483600000000176e+000	1.579736e-001
2.483700000000177e+000	1.582780e-001
2.483800000000177e+000	1.585844e-001
2.483900000000177e+000	1.588929e-001
2.484000000000177e+000	1.592034e-001
2.484100000000177e+000	1.595159e-001
2.484200000000178e+000	1.598306e-001
2.484300000000178e+000	1.601473e-001
2.484400000000178e+000	1.604663e-001
2.484500000000178e+000	1.607874e-001
2.484600000000178e+000	1.611107e-001
2.484700000000179e+000	1.614363e-001
2.484800000000179e+000	1.617643e-001
2.484900000000179e+000	1.620945e-001
2.485000000000179e+000	1.624271e-001
2.485100000000180e+000	1.627621e-001
2.485200000000180e+000	1.630995e-001
2.485300000000180e+000	1.634395e-001
2.485400000000180e+000	1.637819e-001
2.485500000000180e+000	1.641269e-001
2.485600000000181e+000	1.644745e-001
2.485700000000181e+000	1.648248e-001
2.485800000000181e+000	1.651777e-001
2.485900000000181e+000	1.655334e-001
2.486000000000181e+000	1.658919e-001
2.486100000000182e+000	1.662532e-001
2.486200000000182e+000	1.666173e-001
2.486300000000182e+000	1.669845e-001
2.486400000000182e+000	1.673546e-001
2.486500000000183e+000	1.677277e-001
2.486600000000183e+000	1.681039e-001
2.486700000000183e+000	1.684833e-001
2.486800000000183e+000	1.688659e-001
2.486900000000183e+000	1.692517e-001
2.487000000000184e+000	1.696409e-001
2.487100000000184e+000	1.700335e-001
2.487200000000184e+000	1.704295e-001
2.487300000000184e+000	1.708291e-001
2.487400000000184e+000	1.712323e-001
2.487500000000185e+000	1.716391e-001
2.487600000000185e+000	1.720497e-001
2.487700000000185e+000	1.724642e-001
2.487800000000185e+000	1.728825e-001
2.487900000000185e+000	1.733049e-001
2.488000000000186e+000	1.737313e-001
2.488100000000186e+000	1.741619e-001
2.488200000000186e+000	1.745967e-001
2.488300000000186e+000	1.750359e-001
2.488400000000187e+000	1.754796e-001
2.488500000000187e+000	1.759279e-001
2.488600000000187e+000	1.763808e-001
2.488700000000187e+000	1.768385e-001
2.488800000000187e+000	1.773010e-001
2.488900000000188e+000	1.777686e-001
2.489000000000188e+000	1.782414e-001
2.489100000000188e+000	1.787194e-001
2.489200000000188e+000	1.792029e-001
2.489300000000188e+000	1.796919e-001
2.489400000000189e+000	1.801865e-001
2.489500000000189e+000	1.806871e-001
2.489600000000189e+000	1.811936e-001
2.489700000000189e+000	1.817063e-001
2.489800000000189e+000	1.822254e-001
2.489900000000190e+000	1.827510e-001
2.490000000000190e+000	1.832833e-001
2.490100000000190e+000	1.838226e-001
2.490200000000190e+000	1.843690e-001
2.490300000000191e+000	1.849227e-001
2.490400000000191e+000	1.854840e-001
2.490500000000191e+000	1.860532e-001
2.490600000000191e+000	1.866304e-001
2.490700000000191e+000	1.872159e-001
2.490800000000192e+000	1.878100e-001
2.490900000000192e+000	1.884131e-001
2.491000000000192e+000	1.890253e-001
2.491100000000192e+000	1.896471e-001
2.491200000000192e+000	1.902788e-001
2.491300000000193e+000	1.909207e-001
2.491400000000193e+000	1.915732e-001
2.491500000000193e+000	1.922367e-001
2.491600000000193e+000	1.929117e-001
2.491700000000193e+000	1.935986e-001
2.491800000000194e+000	1.942978e-001
2.491900000000194e+000	1.950100e-001
2.492000000000194e+000	1.957355e-001
2.492100000000194e+000	1.964751e-001
2.492200000000195e+000	1.972293e-001
2.492300000000195e+000	1.979988e-001
2.492400000000195e+000	1.987842e-001
2.492500000000195e+000	1.995864e-001
2.492600000000195e+000	2.004061e-001
2.492700000000196e+000	2.012443e-001
2.492800000000196e+000	2.021017e-001
2.492900000000196e+000	2.029795e-001
2.493000000000196e+000	2.038787e-001
2.493100000000196e+000	2.048005e-001
2.493200000000197e+000	2.057461e-001
2.493300000000197e+000	2.067170e-001
2.493400000000197e+000	2.077146e-001
2.493500000000197e+000	2.087406e-001
2.493600000000197e+000	2.097967e-001
2.493700000000198e+000	2.108850e-001
2.493800000000198e+000	2.120076e-001
2.493900000000198e+000	2.131668e-001
2.494000000000198e+000	2.143653e-001
2.494100000000199e+000	2.156061e-001
2.494200000000199e+000	2.168923e-001
2.494300000000199e+000	2.182277e-001
2.494400000000199e+000	2.196162e-001
2.494500000000199e+000	2.210626e-001
2.494600000000200e+000	2.225721e-001
2.494700000000200e+000	2.241505e-001
2.494800000000200e+000	2.258047e-001
2.494900000000200e+000	2.275425e-001
2.495000000000200e+000	2.293730e-001
2.495100000000201e+000	2.313067e-001
2.495200000000201e+000	2.333559e-001
2.495300000000201e+000	2.355355e-001
2.495400000000201e+000	2.378628e-001
2.495500000000201e+000	2.403590e-001
2.495600000000202e+000	2.430499e-001
2.495700000000202e+000	2.459672e-001
2.495800000000202e+000	2.491507e-001
2.495900000000202e+000	2.526511e-001
2.496000000000203e+000	2.565339e-001
2.496100000000203e+000	2.608864e-001
2.496200000000203e+000	2.658271e-001
2.496300000000203e+000	2.715225e-001
2.496400000000203e+000	2.782101e-001
2.496500000000204e+000	2.862168e-001
2.496600000000204e+000	2.959036e-001
2.496700000000204e+000	3.074208e-001
2.496800000000204e+000	3.204840e-001
2.496900000000204e+000	3.346084e-001
2.497000000000205e+000	3.494242e-001
2.497100000000205e+000	3.647158e-001
2.497200000000205e+000	3.803655e-001
2.497300000000205e+000	3.963076e-001
2.497400000000206e+000	4.125039e-001
2.497500000000206e+000	4.289308e-001
2.497600000000206e+000	4.455725e-001
2.497700000000206e+000	4.624179e-001
2.497800000000206e+000	4.794586e-001
2.497900000000207e+000	4.966878e-001
2.498000000000207e+000	5.140999e-001
2.498100000000207e+000	5.316898e-001
2.498200000000207e+000	5.494529e-001
2.498300000000207e+000	5.673852e-001
2.498400000000208e+000	5.854826e-001
2.498500000000208e+000	6.037413e-001
2.498600000000208e+000	6.221576e-001
2.498700000000208e+000	6.407281e-001
2.498800000000208e+000	6.594491e-001
2.498900000000209e+000	6.783172e-001
2.499000000000209e+000	6.973292e-001
2.499100000000209e+000	7.164817e-001
2.499200000000209e+000	7.357714e-001
2.499300000000210e+000	7.551950e-001
2.499400000000210e+000	7.747495e-001
2.499500000000210e+000	7.944316e-001
2.499600000000210e+000	8.142384e-001
2.499700000000210e+000	8.341666e-001
2.499800000000211e+000	8.542132e-001
2.499900000000211e+000	8.743753e-001
2.500000000000211e+000	8.946499e-001
2.500100000000211e+000	9.150339e-001
2.500200000000211e+000	9.355246e-001
2.500300000000212e+000	9.561191e-001
2.500400000000212e+000	9.768143e-001
2.500500000000212e+000	9.976077e-001
2.500600000000212e+000	1.018496e+000
2.500700000000212e+000	1.039477e+000
2.500800000000213e+000	1.060548e+000
2.500900000000213e+000	1.081706e+000
2.501000000000213e+000	1.102949e+000
2.501100000000213e+000	1.124273e+000
2.501200000000214e+000	1.145676e+000
2.501300000000214e+000	1.167156e+000
2.501400000000214e+000	1.188710e+000
2.501500000000214e+000	1.210335e+000
2.501600000000214e+000	1.232030e+000
2.501700000000215e+000	1.253790e+000
2.501800000000215e+000	1.275615e+000
2.501900000000215e+000	1.297501e+000
2.502000000000215e+000	1.319447e+000
2.502100000000215e+000	1.341449e+000
2.502200000000216e+000	1.363506e+000
2.502300000000216e+000	1.385615e+000
2.502400000000216e+000	1.407773e+000
2.502500000000216e+000	1.429979e+000
2.502600000000216e+000	1.452231e+000
2.502700000000217e+000	1.474525e+000
2.502800000000217e+000	1.496860e+000
2.502900000000217e+000	1.519234e+000
2.503000000000217e+000	1.541644e+000
2.503100000000218e+000	1.564089e+000
2.503200000000218e+000	1.586566e+000
2.503300000000218e+000	1.609072e+000
2.503400000000218e+000	1.631607e+000
2.503500000000218e+000	1.654168e+000
2.503600000000219e+000	1.676752e+000
2.503700000000219e+000	1.699358e+000
2.503800000000219e+000	1.721984e+000
2.503900000000219e+000	1.744628e+000
2.504000000000219e+000	1.767287e+000
2.504100000000220e+000	1.789960e+000
2.504200000000220e+000	1.812645e+000
2.504300000000220e+000	1.835339e+000
2.504400000000220e+000	1.858041e+000
2.504500000000220e+000	1.880749e+000
2.504600000000221e+000	1.903461e+000
2.504700000000221e+000	1.926174e+000
2.504800000000221e+000	1.948887e+000
2.504900000000221e+000	1.971599e+000
2.505000000000222e+000	1.994306e+000
2.505100000000222e+000	2.017007e+000
2.505200000000222e+000	2.039701e+000
2.505300000000222e+000	2.062384e+000
2.505400000000222e+000	2.085055e+000
2.505500000000223e+000	2.107712e+000
2.505600000000223e+000	2.130354e+000
2.505700000000223e+000	2.152977e+000
2.505800000000223e+000	2.175581e+000
2.505900000000223e+000	2.198162e+000
2.506000000000224e+000	2.220720e+000
2.506100000000224e+000	2.243251e+000
2.506200000000224e+000	2.265754e+000
2.506300000000224e+000	2.288228e+000
2.506400000000224e+000	2.310668e+000
2.506500000000225e+000	2.333075e+000
2.506600000000225e+000	2.355445e+000
2.506700000000225e+000	2.377776e+000
2.506800000000225e+000	2.400067e+000
2.506900000000226e+000	2.422315e+000
2.507000000000226e+000	2.444519e+000
2.507100000000226e+000	2.466675e+000
2.507200000000226e+000	2.488782e+000
2.507300000000226e+000	2.510838e+000
2.507400000000227e+000	2.532840e+000
2.507500000000227e+000	2.554787e+000
2.507600000000227e+000	2.576676e+000
2.507700000000227e+000	2.598505e+000
2.507800000000227e+000	2.620273e+000
2.507900000000228e+000	2.641976e+000
2.508000000000228e+000	2.663614e+000
2.508100000000228e+000	2.685183e+000
2.508200000000228e+000	2.706682e+000
2.508300000000229e+000	2.728110e+000
2.508400000000229e+000	2.749463e+000
2.508500000000229e+000	2.770739e+000
2.508600000000229e+000	2.791938e+000
2.508700000000229e+000	2.813057e+000
2.508800000000230e+000	2.834094e+000
2.508900000000230e+000	2.855047e+000
2.509000000000230e+000	2.875915e+000
2.509100000000230e+000	2.896695e+000
2.509200000000230e+000	2.917387e+000
2.509300000000231e+000	2.937988e+000
2.509400000000231e+000	2.958497e+000
2.509500000000231e+000	2.978911e+000
2.509600000000231e+000	2.999231e+000
2.509700000000231e+000	3.019454e+000
2.509800000000232e+000	3.039578e+000
2.509900000000232e+000	3.059603e+000
2.510000000000232e+000	3.079527e+000
2.510100000000232e+000	3.099349e+000
2.510200000000233e+000	3.119067e+000
2.510300000000233e+000	3.138682e+000
2.510400000000233e+000	3.158190e+000
2.510500000000233e+000	3.177592e+000
2.510600000000233e+000	3.196887e+000
2.510700000000234e+000	3.216073e+000
2.510800000000234e+000	3.235150e+000
2.510900000000234e+000	3.254117e+000
2.511000000000234e+000	3.272974e+000
2.511100000000234e+000	3.291719e+000
2.511200000000235e+000	3.310352e+000
2.511300000000235e+000	3.328873e+000
2.511400000000235e+000	3.347281e+000
2.511500000000235e+000	3.365575e+000
2.511600000000235e+000	3.383756e+000
2.511700000000236e+000	3.401823e+000
2.511800000000236e+000	3.419775e+000
2.511900000000236e+000	3.437613e+000
2.512000000000236e+000	3.455337e+000
2.512100000000237e+000	3.472945e+000
2.512200000000237e+000	3.490439e+000
2.512300000000237e+000	3.507818e+000
2.512400000000237e+000	3.525083e+000
2.512500000000237e+000	3.542233e+000
2.512600000000238e+000	3.559268e+000
2.512700000000238e+000	3.576188e+000
2.512800000000238e+000	3.592995e+000
2.512900000000238e+000	3.609688e+000
2.513000000000238e+000	3.626266e+000
2.513100000000239e+000	3.642732e+000
2.513200000000239e+000	3.659085e+000
2.513300000000239e+000	3.675324e+000
2.513400000000239e+000	3.691452e+000
2.513500000000239e+000	3.707468e+000
2.513600000000240e+000	3.723372e+000
2.513700000000240e+000	3.739166e+000
2.513800000000240e+000	3.754849e+000
2.513900000000240e+000	3.770423e+000
2.514000000000241e+000	3.785887e+000
2.514100000000241e+000	3.801242e+000
2.514200000000241e+000	3.816490e+000
2.514300000000241e+000	3.831630e+000
2.514400000000241e+000	3.846663e+000
2.514500000000242e+000	3.861589e+000
2.514600000000242e+000	3.876410e+000
2.514700000000242e+000	3.891127e+000
2.514800000000242e+000	3.905739e+000
2.514900000000242e+000	3.920248e+000
2.515000000000243e+000	3.934653e+000
2.515100000000243e+000	3.948957e+000
2.515200000000243e+000	3.963159e+000
2.515300000000243e+000	3.977261e+000
2.515400000000243e+000	3.991262e+000
2.515500000000244e+000	4.005165e+000
2.515600000000244e+000	4.018969e+000
2.515700000000244e+000	4.032675e+000
2.515800000000244e+000	4.046285e+000
2.515900000000245e+000	4.059798e+000
2.516000000000245e+000	4.073216e+000
2.516100000000245e+000	4.086539e+000
2.516200000000245e+000	4.099769e+000
2.516300000000245e+000	4.112905e+000
2.516400000000246e+000	4.125948e+000
2.516500000000246e+000	4.138901e+000
2.516600000000246e+000	4.151762e+000
2.516700000000246e+000	4.164533e+000
2.516800000000246e+000	4.177215e+000
2.516900000000247e+000	4.189807e+000
2.517000000000247e+000	4.202312e+000
2.517100000000247e+000	4.214730e+000
2.517200000000247e+000	4.227061e+000
2.517300000000248e+000	4.239306e+000
2.517400000000248e+000	4.251466e+000
2.517500000000248e+000	4.263541e+000
2.517600000000248e+000	4.275531e+000
2.517700000000248e+000	4.287438e+000
2.517800000000249e+000	4.299262e+000
2.517900000000249e+000	4.311003e+000
2.518000000000249e+000	4.322660e+000
2.518100000000249e+000	4.334235e+000
2.518200000000249e+000	4.345726e+000
2.518300000000250e+000	4.357133e+000
2.518400000000250e+000	4.368455e+000
2.518500000000250e+000	4.379688e+000
2.518600000000250e+000	4.390831e+000
2.518700000000250e+000	4.401877e+000
2.518800000000251e+000	4.412819e+000
2.518900000000251e+000	4.423645e+000
2.519000000000251e+000	4.434336e+000
2.519100000000251e+000	4.444866e+000
2.519200000000252e+000	4.455196e+000
2.519300000000252e+000	4.465268e+000
2.519400000000252e+000	4.475008e+000
2.519500000000252e+000	4.484330e+000
2.519600000000252e+000	4.493146e+000
2.519700000000253e+000	4.501392e+000
2.519800000000253e+000	4.509032e+000
2.519900000000253e+000	4.516066e+000
2.520000000000253e+000	4.522520e+000
2.520100000000253e+000	4.528436e+000
2.520200000000254e+000	4.533863e+000
2.520300000000254e+000	4.538854e+000
2.520400000000254e+000	4.543458e+000
2.520500000000254e+000	4.547721e+000
2.520600000000254e+000	4.551683e+000
2.520700000000255e+000	4.555381e+000
2.520800000000255e+000	4.558844e+000
2.520900000000255e+000	4.562099e+000
2.521000000000255e+000	4.565170e+000
2.521100000000256e+000	4.568077e+000
2.521200000000256e+000	4.570835e+000
2.521300000000256e+000	4.573461e+000
2.521400000000256e+000	4.575966e+000
2.521500000000256e+000	4.578362e+000
2.521600000000257e+000	4.580660e+000
2.521700000000257e+000	4.582867e+000
2.521800000000257e+000	4.584991e+000
2.521900000000257e+000	4.587038e+000
2.522000000000257e+000	4.589015e+000
2.522100000000258e+000	4.590926e+000
2.522200000000258e+000	4.592777e+000
2.522300000000258e+000	4.594572e+000
2.522400000000258e+000	4.596314e+000
2.522500000000258e+000	4.598007e+000
2.522600000000259e+000	4.599654e+000
2.522700000000259e+000	4.601258e+000
2.522800000000259e+000	4.602821e+000
2.522900000000259e+000	4.604346e+000
2.523000000000260e+000	4.605835e+000
2.523100000000260e+000	4.607290e+000
2.523200000000260e+000	4.608712e+000
2.523300000000260e+000	4.610103e+000
2.523400000000260e+000	4.611465e+000
2.523500000000261e+000	4.612800e+000
2.523600000000261e+000	4.614107e+000
2.523700000000261e+000	4.615389e+000
2.523800000000261e+000	4.616647e+000
2.523900000000261e+000	4.617882e+000
2.524000000000262e+000	4.619095e+000
2.524100000000262e+000	4.620286e+000
2.524200000000262e+000	4.621457e+000
2.524300000000262e+000	4.622608e+000
2.524400000000262e+000	4.623740e+000
2.524500000000263e+000	4.624854e+000
2.524600000000263e+000	4.625950e+000
2.524700000000263e+000	4.627030e+000
2.524800000000263e+000	4.628093e+000
2.524900000000264e+000	4.629141e+000
2.525000000000264e+000	4.630173e+000
2.525100000000264e+000	4.631190e+000
2.525200000000264e+000	4.632194e+000
2.525300000000264e+000	4.633183e+000
2.525400000000265e+000	4.634159e+000
2.525500000000265e+000	4.635122e+000
2.525600000000265e+000	4.636073e+000
2.525700000000265e+000	4.637011e+000
2.525800000000265e+000	4.637938e+000
2.525900000000266e+000	4.638853e+000
2.526000000000266e+000	4.639757e+000
2.526100000000266e+000	4.640650e+000
2.526200000000266e+000	4.641532e+000
2.526300000000266e+000	4.642404e+000
2.526400000000267e+000	4.643266e+000
2.526500000000267e+000	4.644119e+000
2.526600000000267e+000	4.644962e+000
2.526700000000267e+000	4.645795e+000
2.526800000000268e+000	4.646620e+000
2.526900000000268e+000	4.647436e+000
2.527000000000268e+000	4.648243e+000
2.527100000000268e+000	4.649043e+000
2.527200000000268e+000	4.649833e+000
2.527300000000269e+000	4.650616e+000
2.527400000000269e+000	4.651391e+000
2.527500000000269e+000	4.652159e+000
2.527600000000269e+000	4.652919e+000
2.527700000000269e+000	4.653671e+000
2.527800000000270e+000	4.654417e+000
2.527900000000270e+000	4.655156e+000
2.528000000000270e+000	4.655888e+000
2.528100000000270e+000	4.656613e+000
2.528200000000271e+000	4.657332e+000
2.528300000000271e+000	4.658044e+000
2.528400000000271e+000	4.658751e+000
2.528500000000271e+000	4.659451e+000
2.528600000000271e+000	4.660145e+000
2.528700000000272e+000	4.660833e+000
2.528800000000272e+000	4.661516e+000
2.528900000000272e+000	4.662192e+000
2.529000000000272e+000	4.662864e+000
2.529100000000272e+000	4.663530e+000
2.529200000000273e+000	4.664190e+000
2.529300000000273e+000	4.664845e+000
2.529400000000273e+000	4.665496e+000
2.529500000000273e+000	4.666141e+000
2.529600000000273e+000	4.666781e+000
2.529700000000274e+000	4.667417e+000
2.529800000000274e+000	4.668047e+000
2.529900000000274e+000	4.668674e+000
2.530000000000274e+000	4.669295e+000
2.530100000000275e+000	4.669912e+000
2.530200000000275e+000	4.670525e+000
2.530300000000275e+000	4.671133e+000
2.530400000000275e+000	4.671737e+000
2.530500000000275e+000	4.672336e+000
2.530600000000276e+000	4.672932e+000
2.530700000000276e+000	4.673523e+000
2.530800000000276e+000	4.674111e+000
2.530900000000276e+000	4.674694e+000
2.531000000000276e+000	4.675274e+000
2.531100000000277e+000	4.675849e+000
2.531200000000277e+000	4.676422e+000
2.531300000000277e+000	4.676990e+000
2.531400000000277e+000	4.677555e+000
2.531500000000277e+000	4.678116e+000
2.531600000000278e+000	4.678673e+000
2.531700000000278e+000	4.679227e+000
2.531800000000278e+000	4.679778e+000
2.531900000000278e+000	4.680326e+000
2.532000000000279e+000	4.680869e+000
2.532100000000279e+000	4.681410e+000
2.532200000000279e+000	4.681947e+000
2.532300000000279e+000	4.682482e+000
2.532400000000279e+000	4.683013e+000
2.532500000000280e+000	4.683541e+000
2.532600000000280e+000	4.684066e+000
2.532700000000280e+000	4.684588e+000
2.532800000000280e+000	4.685107e+000
2.532900000000280e+000	4.685623e+000
2.533000000000281e+000	4.686136e+000
2.533100000000281e+000	4.686646e+000
2.533200000000281e+000	4.687154e+000
2.533300000000281e+000	4.687659e+000
2.533400000000281e+000	4.688160e+000
2.533500000000282e+000	4.688660e+000
2.533600000000282e+000	4.689157e+000
2.533700000000282e+000	4.689651e+000
2.533800000000282e+000	4.690142e+000
2.533900000000283e+000	4.690631e+000
2.534000000000283e+000	4.691117e+000
2.534100000000283e+000	4.691601e+000
2.534200000000283e+000	4.692082e+000
2.534300000000283e+000	4.692561e+000
2.534400000000284e+000	4.693038e+000
2.534500000000284e+000	4.693511e+000
2.534600000000284e+000	4.693983e+000
2.534700000000284e+000	4.694453e+000
2.534800000000284e+000	4.694920e+000
2.534900000000285e+000	4.695385e+000
2.535000000000285e+000	4.695847e+000
2.535100000000285e+000	4.696307e+000
2.535200000000285e+000	4.696765e+000
2.535300000000285e+000	4.697221e+000
2.535400000000286e+000	4.697675e+000
2.535500000000286e+000	4.698127e+000
2.535600000000286e+000	4.698576e+000
2.535700000000286e+000	4.699024e+000
2.535800000000287e+000	4.699470e+000
2.535900000000287e+000	4.699913e+000
2.536000000000287e+000	4.700355e+000
2.536100000000287e+000	4.700794e+000
2.536200000000287e+000	4.701231e+000
2.536300000000288e+000	4.701667e+000
2.536400000000288e+000	4.702100e+000
2.536500000000288e+000	4.702532e+000
2.536600000000288e+000	4.702962e+000
2.536700000000288e+000	4.703390e+000
2.536800000000289e+000	4.703816e+000
2.536900000000289e+000	4.704240e+000
2.537000000000289e+000	4.704663e+000
2.537100000000289e+000	4.705084e+000
2.537200000000289e+000	4.705503e+000
2.537300000000290e+000	4.705920e+000
2.537400000000290e+000	4.706335e+000
2.537500000000290e+000	4.706749e+000
2.537600000000290e+000	4.707161e+000
2.537700000000291e+000	4.707572e+000
2.537800000000291e+000	4.707980e+000
2.537900000000291e+000	4.708387e+000
2.538000000000291e+000	4.708793e+000
2.538100000000291e+000	4.709196e+000
2.538200000000292e+000	4.709599e+000
2.538300000000292e+000	4.709999e+000
2.538400000000292e+000	4.710398e+000
2.538500000000292e+000	4.710795e+000
2.538600000000292e+000	4.711192e+000
2.538700000000293e+000	4.711586e+000
2.538800000000293e+000	4.711979e+000
2.538900000000293e+000	4.712370e+000
2.539000000000293e+000	4.712760e+000
2.539100000000294e+000	4.713149e+000
2.539200000000294e+000	4.713535e+000
2.539300000000294e+000	4.713921e+000
2.539400000000294e+000	4.714305e+000
2.539500000000294e+000	4.714688e+000
2.539600000000295e+000	4.715069e+000
2.539700000000295e+000	4.715449e+000
2.539800000000295e+000	4.715827e+000
2.539900000000295e+000	4.716204e+000
2.540000000000295e+000	4.716580e+000
2.540100000000296e+000	4.716954e+000
2.540200000000296e+000	4.717327e+000
2.540300000000296e+000	4.717699e+000
2.540400000000296e+000	4.718070e+000
2.540500000000296e+000	4.718439e+000
2.540600000000297e+000	4.718806e+000
2.540700000000297e+000	4.719173e+000
2.540800000000297e+000	4.719538e+000
2.540900000000297e+000	4.719902e+000
2.541000000000298e+000	4.720265e+000
2.541100000000298e+000	4.720626e+000
2.541200000000298e+000	4.720986e+000
2.541300000000298e+000	4.721345e+000
2.541400000000298e+000	4.721703e+000
2.541500000000299e+000	4.722060e+000
2.541600000000299e+000	4.722415e+000
2.541700000000299e+000	4.722770e+000
2.541800000000299e+000	4.723123e+000
2.541900000000299e+000	4.723475e+000
2.542000000000300e+000	4.723825e+000
2.542100000000300e+000	4.724175e+000
2.542200000000300e+000	4.724524e+000
2.542300000000300e+000	4.724871e+000
2.542400000000300e+000	4.725217e+000
2.542500000000301e+000	4.725562e+000
2.542600000000301e+000	4.725906e+000
2.542700000000301e+000	4.726249e+000
2.542800000000301e+000	4.726591e+000
2.542900000000302e+000	4.726932e+000
2.543000000000302e+000	4.727271e+000
2.543100000000302e+000	4.727610e+000
2.543200000000302e+000	4.727947e+000
2.543300000000302e+000	4.728284e+000
2.543400000000303e+000	4.728619e+000
2.543500000000303e+000	4.728954e+000
2.543600000000303e+000	4.729287e+000
2.543700000000303e+000	4.729620e+000
2.543800000000303e+000	4.729951e+000
2.543900000000304e+000	4.730281e+000
2.544000000000304e+000	4.730611e+000
2.544100000000304e+000	4.730939e+000
2.544200000000304e+000	4.731266e+000
2.544300000000304e+000	4.731593e+000
2.544400000000305e+000	4.731919e+000
2.544500000000305e+000	4.732243e+000
2.544600000000305e+000	4.732567e+000
2.544700000000305e+000	4.732889e+000
2.544800000000306e+000	4.733211e+000
2.544900000000306e+000	4.733532e+000
2.545000000000306e+000	4.733851e+000
2.545100000000306e+000	4.734170e+000
2.545200000000306e+000	4.734488e+000
2.545300000000307e+000	4.734806e+000
2.545400000000307e+000	4.735122e+000
2.545500000000307e+000	4.735437e+000
2.545600000000307e+000	4.735752e+000
2.545700000000307e+000	4.736065e+000
2.545800000000308e+000	4.736378e+000
2.545900000000308e+000	4.736690e+000
2.546000000000308e+000	4.737000e+000
2.546100000000308e+000	4.737310e+000
2.546200000000308e+000	4.737619e+000
2.546300000000309e+000	4.737928e+000
2.546400000000309e+000	4.738235e+000
2.546500000000309e+000	4.738542e+000
2.546600000000309e+000	4.738848e+000
2.546700000000310e+000	4.739153e+000
2.546800000000310e+000	4.739457e+000
2.546900000000310e+000	4.739760e+000
2.547000000000310e+000	4.740063e+000
2.547100000000310e+000	4.740365e+000
2.547200000000311e+000	4.740665e+000
2.547300000000311e+000	4.740965e+000
2.547400000000311e+000	4.741265e+000
2.547500000000311e+000	4.741563e+000
2.547600000000311e+000	4.741861e+000
2.547700000000312e+000	4.742158e+000
2.547800000000312e+000	4.742454e+000
2.547900000000312e+000	4.742750e+000
2.548000000000312e+000	4.743044e+000
2.548100000000312e+000	4.743338e+000
2.548200000000313e+000	4.743631e+000
2.548300000000313e+000	4.743924e+000
2.548400000000313e+000	4.744215e+000
2.548500000000313e+000	4.744506e+000
2.548600000000314e+000	4.744797e+000
2.548700000000314e+000	4.745086e+000
2.548800000000314e+000	4.745375e+000
2.548900000000314e+000	4.745663e+000
2.549000000000314e+000	4.745950e+000
2.549100000000315e+000	4.746237e+000
2.549200000000315e+000	4.746522e+000
2.549300000000315e+000	4.746808e+000
2.549400000000315e+000	4.747092e+000
2.549500000000315e+000	4.747376e+000
2.549600000000316e+000	4.747659e+000
2.549700000000316e+000	4.747941e+000
2.549800000000316e+000	4.748223e+000
2.549900000000316e+000	4.748504e+000
2.550000000000317e+000	4.748784e+000
2.550100000000317e+000	4.749063e+000
2.550200000000317e+000	4.749342e+000
2.550300000000317e+000	4.749621e+000
2.550400000000317e+000	4.749898e+000
2.550500000000318e+000	4.750175e+000
2.550600000000318e+000	4.750452e+000
2.550700000000318e+000	4.750728e+000
2.550800000000318e+000	4.751002e+000
2.550900000000318e+000	4.751277e+000
2.551000000000319e+000	4.751551e+000
2.551100000000319e+000	4.751823e+000
2.551200000000319e+000	4.752096e+000
2.551300000000319e+000	4.752368e+000
2.551400000000319e+000	4.752639e+000
2.551500000000320e+000	4.752910e+000
2.551600000000320e+000	4.753180e+000
2.551700000000320e+000	4.753449e+000
2.551800000000320e+000	4.753717e+000
2.551900000000321e+000	4.753985e+000
2.552000000000321e+000	4.754253e+000
2.552100000000321e+000	4.754520e+000
2.552200000000321e+000	4.754786e+000
2.552300000000321e+000	4.755052e+000
2.552400000000322e+000	4.755317e+000
2.552500000000322e+000	4.755581e+000
2.552600000000322e+000	4.755845e+000
2.552700000000322e+000	4.756108e+000
2.552800000000322e+000	4.756371e+000
2.552900000000323e+000	4.756633e+000
2.553000000000323e+000	4.756895e+000
2.553100000000323e+000	4.757156e+000
2.553200000000323e+000	4.757416e+000
2.553300000000323e+000	4.757676e+000
2.553400000000324e+000	4.757935e+000
2.553500000000324e+000	4.758194e+000
2.553600000000324e+000	4.758452e+000
2.553700000000324e+000	4.758710e+000
2.553800000000325e+000	4.758967e+000
2.553900000000325e+000	4.759223e+000
2.554000000000325e+000	4.759479e+000
2.554100000000325e+000	4.759735e+000
2.554200000000325e+000	4.759989e+000
2.554300000000326e+000	4.760243e+000
2.554400000000326e+000	4.760497e+000
2.554500000000326e+000	4.760751e+000
2.554600000000326e+000	4.761003e+000
2.554700000000326e+000	4.761255e+000
2.554800000000327e+000	4.761507e+000
2.554900000000327e+000	4.761758e+000
2.555000000000327e+000	4.762009e+000
2.555100000000327e+000	4.762259e+000
2.555200000000327e+000	4.762508e+000
2.555300000000328e+000	4.762757e+000
2.555400000000328e+000	4.763006e+000
2.555500000000328e+000	4.763254e+000
2.555600000000328e+000	4.763501e+000
2.555700000000329e+000	4.763748e+000
2.555800000000329e+000	4.763995e+000
2.555900000000329e+000	4.764241e+000
2.556000000000329e+000	4.764486e+000
2.556100000000329e+000	4.764731e+000
2.556200000000330e+000	4.764976e+000
2.556300000000330e+000	4.765219e+000
2.556400000000330e+000	4.765463e+000
2.556500000000330e+000	4.765706e+000
2.556600000000330e+000	4.765948e+000
2.556700000000331e+000	4.766191e+000
2.556800000000331e+000	4.766432e+000
2.556900000000331e+000	4.766673e+000
2.557000000000331e+000	4.766914e+000
2.557100000000331e+000	4.767154e+000
2.557200000000332e+000	4.767394e+000
2.557300000000332e+000	4.767632e+000
2.557400000000332e+000	4.767871e+000
2.557500000000332e+000	4.768110e+000
2.557600000000333e+000	4.768347e+000
2.557700000000333e+000	4.768585e+000
2.557800000000333e+000	4.768822e+000
2.557900000000333e+000	4.769058e+000
2.558000000000333e+000	4.769294e+000
2.558100000000334e+000	4.769529e+000
2.558200000000334e+000	4.769764e+000
2.558300000000334e+000	4.769999e+000
2.558400000000334e+000	4.770233e+000
2.558500000000334e+000	4.770467e+000
2.558600000000335e+000	4.770700e+000
2.558700000000335e+000	4.770933e+000
2.558800000000335e+000	4.771165e+000
2.558900000000335e+000	4.771397e+000
2.559000000000336e+000	4.771628e+000
2.559100000000336e+000	4.771860e+000
2.559200000000336e+000	4.772090e+000
2.559300000000336e+000	4.772320e+000
2.559400000000336e+000	4.772550e+000
2.559500000000337e+000	4.772779e+000
2.559600000000337e+000	4.773008e+000
2.559700000000337e+000	4.773237e+000
2.559800000000337e+000	4.773465e+000
2.559900000000337e+000	4.773693e+000
2.560000000000338e+000	4.773920e+000
2.560100000000338e+000	4.774147e+000
2.560200000000338e+000	4.774373e+000
2.560300000000338e+000	4.774599e+000
2.560400000000338e+000	4.774825e+000
2.560500000000339e+000	4.775050e+000
2.560600000000339e+000	4.775274e+000
2.560700000000339e+000	4.775499e+000
2.560800000000339e+000	4.775723e+000
2.560900000000340e+000	4.775946e+000
2.561000000000340e+000	4.776169e+000
2.561100000000340e+000	4.776392e+000
2.561200000000340e+000	4.776615e+000
2.561300000000340e+000	4.776836e+000
2.561400000000341e+000	4.777058e+000
2.561500000000341e+000	4.777279e+000
2.561600000000341e+000	4.777500e+000
2.561700000000341e+000	4.777720e+000
2.561800000000341e+000	4.777940e+000
2.561900000000342e+000	4.778160e+000
2.562000000000342e+000	4.778379e+000
2.562100000000342e+000	4.778598e+000
2.562200000000342e+000	4.778816e+000
2.562300000000342e+000	4.779034e+000
2.562400000000343e+000	4.779252e+000
2.562500000000343e+000	4.779469e+000
2.562600000000343e+000	4.779686e+000
2.562700000000343e+000	4.779902e+000
2.562800000000344e+000	4.780119e+000
2.562900000000344e+000	4.780334e+000
2.563000000000344e+000	4.780550e+000
2.563100000000344e+000	4.780765e+000
2.563200000000344e+000	4.780980e+000
2.563300000000345e+000	4.781194e+000
2.563400000000345e+000	4.781408e+000
2.563500000000345e+000	4.781621e+000
2.563600000000345e+000	4.781835e+000
2.563700000000345e+000	4.782048e+000
2.563800000000346e+000	4.782260e+000
2.563900000000346e+000	4.782473e+000
2.564000000000346e+000	4.782684e+000
2.564100000000346e+000	4.782896e+000
2.564200000000346e+000	4.783107e+000
2.564300000000347e+000	4.783318e+000
2.564400000000347e+000	4.783528e+000
2.564500000000347e+000	4.783738e+000
2.564600000000347e+000	4.783947e+000
2.564700000000348e+000	4.784157e+000
2.564800000000348e+000	4.784366e+000
2.564900000000348e+000	4.784575e+000
2.565000000000348e+000	4.784783e+000
2.565100000000348e+000	4.784991e+000
2.565200000000349e+000	4.785198e+000
2.565300000000349e+000	4.785406e+000
2.565400000000349e+000	4.785613e+000
2.565500000000349e+000	4.785819e+000
2.565600000000349e+000	4.786026e+000
2.565700000000350e+000	4.786232e+000
2.565800000000350e+000	4.786437e+000
2.565900000000350e+000	4.786642e+000
2.566000000000350e+000	4.786847e+000
2.566100000000350e+000	4.787052e+000
2.566200000000351e+000	4.787256e+000
2.566300000000351e+000	4.787460e+000
2.566400000000351e+000	4.787663e+000
2.566500000000351e+000	4.787867e+000
2.566600000000352e+000	4.788070e+000
2.566700000000352e+000	4.788272e+000
2.566800000000352e+000	4.788475e+000
2.566900000000352e+000	4.788677e+000
2.567000000000352e+000	4.788878e+000
2.567100000000353e+000	4.789080e+000
2.567200000000353e+000	4.789281e+000
2.567300000000353e+000	4.789482e+000
2.567400000000353e+000	4.789682e+000
2.567500000000353e+000	4.789882e+000
2.567600000000354e+000	4.790082e+000
2.567700000000354e+000	4.790281e+000
2.567800000000354e+000	4.790481e+000
2.567900000000354e+000	4.790679e+000
2.568000000000354e+000	4.790878e+000
2.568100000000355e+000	4.791076e+000
2.568200000000355e+000	4.791274e+000
2.568300000000355e+000	4.791471e+000
2.568400000000355e+000	4.791669e+000
2.568500000000356e+000	4.791866e+000
2.568600000000356e+000	4.792063e+000
2.568700000000356e+000	4.792259e+000
2.568800000000356e+000	4.792455e+000
2.568900000000356e+000	4.792651e+000
2.569000000000357e+000	4.792846e+000
2.569100000000357e+000	4.793042e+000
2.569200000000357e+000	4.793237e+000
2.569300000000357e+000	4.793431e+000
2.569400000000357e+000	4.793625e+000
2.569500000000358e+000	4.793819e+000
2.569600000000358e+000	4.794013e+000
2.569700000000358e+000	4.794207e+000
2.569800000000358e+000	4.794400e+000
2.569900000000359e+000	4.794593e+000
2.570000000000359e+000	4.794785e+000
2.570100000000359e+000	4.794978e+000
2.570200000000359e+000	4.795169e+000
2.570300000000359e+000	4.795361e+000
2.570400000000360e+000	4.795553e+000
2.570500000000360e+000	4.795744e+000
2.570600000000360e+000	4.795935e+000
2.570700000000360e+000	4.796125e+000
2.570800000000360e+000	4.796316e+000
2.570900000000361e+000	4.796505e+000
2.571000000000361e+000	4.796695e+000
2.571100000000361e+000	4.796885e+000
2.571200000000361e+000	4.797074e+000
2.571300000000361e+000	4.797263e+000
2.571400000000362e+000	4.797451e+000
2.571500000000362e+000	4.797640e+000
2.571600000000362e+000	4.797828e+000
2.571700000000362e+000	4.798016e+000
2.571800000000363e+000	4.798203e+000
2.571900000000363e+000	4.798390e+000
2.572000000000363e+000	4.798577e+000
2.572100000000363e+000	4.798764e+000
2.572200000000363e+000	4.798951e+000
2.572300000000364e+000	4.799137e+000
2.572400000000364e+000	4.799323e+000
2.572500000000364e+000	4.799509e+000
2.572600000000364e+000	4.799694e+000
2.572700000000364e+000	4.799879e+000
2.572800000000365e+000	4.800064e+000
2.572900000000365e+000	4.800249e+000
2.573000000000365e+000	4.800433e+000
2.573100000000365e+000	4.800617e+000
2.573200000000365e+000	4.800801e+000
2.573300000000366e+000	4.800984e+000
2.573400000000366e+000	4.801167e+000
2.573500000000366e+000	4.801351e+000
2.573600000000366e+000	4.801533e+000
2.573700000000367e+000	4.801716e+000
2.573800000000367e+000	4.801898e+000
2.573900000000367e+000	4.802080e+000
2.574000000000367e+000	4.802262e+000
2.574100000000367e+000	4.802444e+000
2.574200000000368e+000	4.802625e+000
2.574300000000368e+000	4.802805e+000
2.574400000000368e+000	4.802986e+000
2.574500000000368e+000	4.803167e+000
2.574600000000368e+000	4.803347e+000
2.574700000000369e+000	4.803527e+000
2.574800000000369e+000	4.803707e+000
2.574900000000369e+000	4.803886e+000
2.575000000000369e+000	4.804066e+000
2.575100000000369e+000	4.804245e+000
2.575200000000370e+000	4.804423e+000
2.575300000000370e+000	4.804602e+000
2.575400000000370e+000	4.804780e+000
2.575500000000370e+000	4.804958e+000
2.575600000000371e+000	4.805136e+000
2.575700000000371e+000	4.805314e+000
2.575800000000371e+000	4.805491e+000
2.575900000000371e+000	4.805668e+000
2.576000000000371e+000	4.805845e+000
2.576100000000372e+000	4.806021e+000
2.576200000000372e+000	4.806198e+000
2.576300000000372e+000	4.806374e+000
2.576400000000372e+000	4.806550e+000
2.576500000000372e+000	4.806725e+000
2.576600000000373e+000	4.806901e+000
2.576700000000373e+000	4.807076e+000
2.576800000000373e+000	4.807251e+000
2.576900000000373e+000	4.807425e+000
2.577000000000373e+000	4.807600e+000
2.577100000000374e+000	4.807774e+000
2.577200000000374e+000	4.807948e+000
2.577300000000374e+000	4.808122e+000
2.577400000000374e+000	4.808296e+000
2.577500000000375e+000	4.808469e+000
2.577600000000375e+000	4.808642e+000
2.577700000000375e+000	4.808815e+000
2.577800000000375e+000	4.808988e+000
2.577900000000375e+000	4.809160e+000
2.578000000000376e+000	4.809332e+000
2.578100000000376e+000	4.809504e+000
2.578200000000376e+000	4.809676e+000
2.578300000000376e+000	4.809847e+000
2.578400000000376e+000	4.810019e+000
2.578500000000377e+000	4.810190e+000
2.578600000000377e+000	4.810360e+000
2.578700000000377e+000	4.810531e+000
2.578800000000377e+000	4.810701e+000
2.578900000000377e+000	4.810872e+000
2.579000000000378e+000	4.811041e+000
2.579100000000378e+000	4.811211e+000
2.579200000000378e+000	4.811381e+000
2.579300000000378e+000	4.811550e+000
2.579400000000379e+000	4.811719e+000
2.579500000000379e+000	4.811888e+000
2.579600000000379e+000	4.812057e+000
2.579700000000379e+000	4.812225e+000
2.579800000000379e+000	4.812393e+000
2.579900000000380e+000	4.812562e+000
2.580000000000380e+000	4.812729e+000
2.580100000000380e+000	4.812897e+000
2.580200000000380e+000	4.813064e+000
2.580300000000380e+000	4.813231e+000
2.580400000000381e+000	4.813398e+000
2.580500000000381e+000	4.813565e+000
2.580600000000381e+000	4.813731e+000
2.580700000000381e+000	4.813898e+000
2.580800000000382e+000	4.814064e+000
2.580900000000382e+000	4.814229e+000
2.581000000000382e+000	4.814395e+000
2.581100000000382e+000	4.814561e+000
2.581200000000382e+000	4.814726e+000
2.581300000000383e+000	4.814891e+000
2.581400000000383e+000	4.815056e+000
2.581500000000383e+000	4.815221e+000
2.581600000000383e+000	4.815385e+000
2.581700000000383e+000	4.815549e+000
2.581800000000384e+000	4.815713e+000
2.581900000000384e+000	4.815877e+000
2.582000000000384e+000	4.816041e+000
2.582100000000384e+000	4.816204e+000
2.582200000000384e+000	4.816368e+000
2.582300000000385e+000	4.816531e+000
2.582400000000385e+000	4.816693e+000
2.582500000000385e+000	4.816856e+000
2.582600000000385e+000	4.817019e+000
2.582700000000386e+000	4.817181e+000
2.582800000000386e+000	4.817343e+000
2.582900000000386e+000	4.817504e+000
2.583000000000386e+000	4.817666e+000
2.583100000000386e+000	4.817828e+000
2.583200000000387e+000	4.817989e+000
2.583300000000387e+000	4.818150e+000
2.583400000000387e+000	4.818311e+000
2.583500000000387e+000	4.818471e+000
2.583600000000387e+000	4.818632e+000
2.583700000000388e+000	4.818792e+000
2.583800000000388e+000	4.818952e+000
2.583900000000388e+000	4.819112e+000
2.584000000000388e+000	4.819272e+000
2.584100000000388e+000	4.819431e+000
2.584200000000389e+000	4.819591e+000
2.584300000000389e+000	4.819750e+000
2.584400000000389e+000	4.819909e+000
2.584500000000389e+000	4.820067e+000
2.584600000000390e+000	4.820226e+000
2.584700000000390e+000	4.820384e+000
2.584800000000390e+000	4.820542e+000
2.584900000000390e+000	4.820700e+000
2.585000000000390e+000	4.820858e+000
2.585100000000391e+000	4.821016e+000
2.585200000000391e+000	4.821173e+000
2.585300000000391e+000	4.821331e+000
2.585400000000391e+000	4.821487e+000
2.585500000000391e+000	4.821644e+000
2.585600000000392e+000	4.821801e+000
2.585700000000392e+000	4.821958e+000
2.585800000000392e+000	4.822114e+000
2.585900000000392e+000	4.822270e+000
2.586000000000392e+000	4.822426e+000
2.586100000000393e+000	4.822582e+000
2.586200000000393e+000	4.822737e+000
2.586300000000393e+000	4.822893e+000
2.586400000000393e+000	4.823048e+000
2.586500000000394e+000	4.823203e+000
2.586600000000394e+000	4.823358e+000
2.586700000000394e+000	4.823512e+000
2.586800000000394e+000	4.823667e+000
2.586900000000394e+000	4.823821e+000
2.587000000000395e+000	4.823975e+000
2.587100000000395e+000	4.824129e+000
2.587200000000395e+000	4.824283e+000
2.587300000000395e+000	4.824437e+000
2.587400000000395e+000	4.824590e+000
2.587500000000396e+000	4.824743e+000
2.587600000000396e+000	4.824896e+000
2.587700000000396e+000	4.825049e+000
2.587800000000396e+000	4.825202e+000
2.587900000000396e+000	4.825355e+000
2.588000000000397e+000	4.825507e+000
2.588100000000397e+000	4.825659e+000
2.588200000000397e+000	4.825811e+000
2.588300000000397e+000	4.825963e+000
2.588400000000398e+000	4.826115e+000
2.588500000000398e+000	4.826266e+000
2.588600000000398e+000	4.826417e+000
2.588700000000398e+000	4.826569e+000
2.588800000000398e+000	4.826720e+000
2.588900000000399e+000	4.826870e+000
2.589000000000399e+000	4.827021e+000
2.589100000000399e+000	4.827171e+000
2.589200000000399e+000	4.827322e+000
2.589300000000399e+000	4.827472e+000
2.589400000000400e+000	4.827622e+000
2.589500000000400e+000	4.827772e+000
2.589600000000400e+000	4.827921e+000
2.589700000000400e+000	4.828071e+000
2.589800000000400e+000	4.828220e+000
2.589900000000401e+000	4.828369e+000
2.590000000000401e+000	4.828518e+000
2.590100000000401e+000	4.828667e+000
2.590200000000401e+000	4.828816e+000
2.590300000000402e+000	4.828964e+000
2.590400000000402e+000	4.829113e+000
2.590500000000402e+000	4.829261e+000
2.590600000000402e+000	4.829409e+000
2.590700000000402e+000	4.829556e+000
2.590800000000403e+000	4.829704e+000
2.590900000000403e+000	4.829852e+000
2.591000000000403e+000	4.829999e+000
2.591100000000403e+000	4.830146e+000
2.591200000000403e+000	4.830293e+000
2.591300000000404e+000	4.830440e+000
2.591400000000404e+000	4.830586e+000
2.591500000000404e+000	4.830733e+000
2.591600000000404e+000	4.830880e+000
2.591700000000405e+000	4.831026e+000
2.591800000000405e+000	4.831172e+000
2.591900000000405e+000	4.831317e+000
2.592000000000405e+000	4.831463e+000
2.592100000000405e+000	4.831609e+000
2.592200000000406e+000	4.831754e+000
2.592300000000406e+000	4.831900e+000
2.592400000000406e+000	4.832045e+000
2.592500000000406e+000	4.832190e+000
2.592600000000406e+000	4.832335e+000
2.592700000000407e+000	4.832479e+000
2.592800000000407e+000	4.832623e+000
2.592900000000407e+000	4.832767e+000
2.593000000000407e+000	4.832912e+000
2.593100000000407e+000	4.833056e+000
2.593200000000408e+000	4.833200e+000
2.593300000000408e+000	4.833344e+000
2.593400000000408e+000	4.833487e+000
2.593500000000408e+000	4.833630e+000
2.593600000000409e+000	4.833774e+000
2.593700000000409e+000	4.833917e+000
2.593800000000409e+000	4.834060e+000
2.593900000000409e+000	4.834202e+000
2.594000000000409e+000	4.834345e+000
2.594100000000410e+000	4.834487e+000
2.594200000000410e+000	4.834630e+000
2.594300000000410e+000	4.834772e+000
2.594400000000410e+000	4.834914e+000
2.594500000000410e+000	4.835056e+000
2.594600000000411e+000	4.835197e+000
2.594700000000411e+000	4.835339e+000
2.594800000000411e+000	4.835480e+000
2.594900000000411e+000	4.835622e+000
2.595000000000411e+000	4.835763e+000
2.595100000000412e+000	4.835904e+000
2.595200000000412e+000	4.836045e+000
2.595300000000412e+000	4.836185e+000
2.595400000000412e+000	4.836326e+000
2.595500000000413e+000	4.836466e+000
2.595600000000413e+000	4.836607e+000
2.595700000000413e+000	4.836746e+000
2.595800000000413e+000	4.836886e+000
2.595900000000413e+000	4.837026e+000
2.596000000000414e+000	4.837166e+000
2.596100000000414e+000	4.837305e+000
2.596200000000414e+000	4.837445e+000
2.596300000000414e+000	4.837584e+000
2.596400000000414e+000	4.837723e+000
2.596500000000415e+000	4.837862e+000
2.596600000000415e+000	4.838001e+000
2.596700000000415e+000	4.838139e+000
2.596800000000415e+000	4.838278e+000
2.596900000000415e+000	4.838416e+000
2.597000000000416e+000	4.838554e+000
2.597100000000416e+000	4.838692e+000
2.597200000000416e+000	4.838830e+000
2.597300000000416e+000	4.838968e+000
2.597400000000417e+000	4.839106e+000
2.597500000000417e+000	4.839243e+000
2.597600000000417e+000	4.839381e+000
2.597700000000417e+000	4.839518e+000
2.597800000000417e+000	4.839655e+000
2.597900000000418e+000	4.839792e+000
2.598000000000418e+000	4.839929e+000
2.598100000000418e+000	4.840065e+000
2.598200000000418e+000	4.840202e+000
2.598300000000418e+000	4.840338e+000
2.598400000000419e+000	4.840474e+000
2.598500000000419e+000	4.840611e+000
2.598600000000419e+000	4.840746e+000
2.598700000000419e+000	4.840882e+000
2.598800000000419e+000	4.841018e+000
2.598900000000420e+000	4.841154e+000
2.599000000000420e+000	4.841289e+000
2.599100000000420e+000	4.841424e+000
2.599200000000420e+000	4.841559e+000
2.599300000000421e+000	4.841694e+000
2.599400000000421e+000	4.841829e+000
2.599500000000421e+000	4.841964e+000
2.599600000000421e+000	4.842098e+000
2.599700000000421e+000	4.842233e+000
2.599800000000422e+000	4.842367e+000
2.599900000000422e+000	4.842502e+000
2.600000000000000e+000	4.842636e+000
