time	V(v1)	V(vout)
0.000000000000000e+000	2.500000e+000	2.499919e+000
1.000000003627494e-015	2.500000e+000	2.499919e+000
2.000000007254988e-015	2.500000e+000	2.499919e+000
1.330120000679295e-010	2.502965e+000	2.499919e+000
2.660220001358518e-010	2.505931e+000	2.499920e+000
3.990320002037741e-010	2.508896e+000	2.499921e+000
5.320420002716963e-010	2.511861e+000	2.499921e+000
6.650520003396186e-010	2.514826e+000	2.499922e+000
7.980620004075409e-010	2.517791e+000	2.499923e+000
9.310720004754628e-010	2.520756e+000	2.499924e+000
1.031072000475463e-009	2.522984e+000	2.499925e+000
1.131072000475463e-009	2.525213e+000	2.499926e+000
1.231072000475463e-009	2.527442e+000	2.499927e+000
1.331072000475463e-009	2.529670e+000	2.499928e+000
1.431072000475463e-009	2.531898e+000	2.499929e+000
1.531072000475463e-009	2.534127e+000	2.499930e+000
1.731072000475463e-009	2.538582e+000	2.499933e+000
1.931072000475463e-009	2.543037e+000	2.499937e+000
2.131072000475463e-009	2.547491e+000	2.499942e+000
2.331072000475464e-009	2.551944e+000	2.499947e+000
2.531072000475464e-009	2.556397e+000	2.499953e+000
2.731072000475464e-009	2.560848e+000	2.499960e+000
3.031072000475464e-009	2.567522e+000	2.499973e+000
3.331072000475464e-009	2.574193e+000	2.499989e+000
3.631072000475464e-009	2.580861e+000	2.500007e+000
3.931072000475465e-009	2.587526e+000	2.500029e+000
4.402500571904037e-009	2.597993e+000	2.500068e+000
4.873929143332608e-009	2.608446e+000	2.500120e+000
5.345357714761180e-009	2.618886e+000	2.500185e+000
5.816786286189752e-009	2.629313e+000	2.500263e+000
6.288214857618324e-009	2.639725e+000	2.500353e+000
6.759643429046896e-009	2.650124e+000	2.500456e+000
7.231072000475467e-009	2.660509e+000	2.500572e+000
7.545357714761179e-009	2.667422e+000	2.500659e+000
7.859643429046892e-009	2.674325e+000	2.500755e+000
8.173929143332604e-009	2.681219e+000	2.500859e+000
8.488214857618316e-009	2.688105e+000	2.500970e+000
8.802500571904029e-009	2.694981e+000	2.501090e+000
9.116786286189741e-009	2.701848e+000	2.501218e+000
9.431072000475452e-009	2.708707e+000	2.501354e+000
9.631072000475450e-009	2.713065e+000	2.501446e+000
9.831072000475449e-009	2.717420e+000	2.501541e+000
1.003107200047545e-008	2.721769e+000	2.501640e+000
1.023107200047545e-008	2.726115e+000	2.501743e+000
1.043107200047544e-008	2.730455e+000	2.501850e+000
1.063107200047544e-008	2.734792e+000	2.501960e+000
1.083107200047544e-008	2.739124e+000	2.502074e+000
1.093107200047544e-008	2.741288e+000	2.502133e+000
1.103107200047544e-008	2.743451e+000	2.502193e+000
1.113107200047544e-008	2.745612e+000	2.502253e+000
1.133107200047544e-008	2.749932e+000	2.502378e+000
1.153107200047544e-008	2.754247e+000	2.502506e+000
1.173107200047543e-008	2.758556e+000	2.502638e+000
1.193107200047543e-008	2.762861e+000	2.502775e+000
1.213107200047543e-008	2.767160e+000	2.502915e+000
1.233107200047543e-008	2.771454e+000	2.503060e+000
1.253107200047543e-008	2.775743e+000	2.503209e+000
1.273107200047543e-008	2.780026e+000	2.503362e+000
1.283107200047543e-008	2.782166e+000	2.503440e+000
1.293107200047543e-008	2.784303e+000	2.503519e+000
1.303107200047543e-008	2.786440e+000	2.503599e+000
1.313107200047542e-008	2.788575e+000	2.503680e+000
1.323107200047542e-008	2.790709e+000	2.503763e+000
1.333107200047542e-008	2.792841e+000	2.503846e+000
1.343107200047542e-008	2.794972e+000	2.503931e+000
1.353107200047542e-008	2.797102e+000	2.504016e+000
1.363107200047542e-008	2.799230e+000	2.504103e+000
1.373107200047542e-008	2.801356e+000	2.504191e+000
1.383107200047542e-008	2.803481e+000	2.504280e+000
1.393107200047542e-008	2.805605e+000	2.504370e+000
1.403107200047542e-008	2.807727e+000	2.504461e+000
1.413107200047542e-008	2.809847e+000	2.504554e+000
1.423107200047542e-008	2.811966e+000	2.504647e+000
1.433107200047542e-008	2.814083e+000	2.504742e+000
1.443107200047541e-008	2.816199e+000	2.504838e+000
1.453107200047541e-008	2.818313e+000	2.504935e+000
1.463107200047541e-008	2.820426e+000	2.505033e+000
1.473107200047541e-008	2.822537e+000	2.505132e+000
1.493107200047541e-008	2.826754e+000	2.505334e+000
1.513107200047541e-008	2.830965e+000	2.505540e+000
1.543107200047542e-008	2.837268e+000	2.505858e+000
1.553107200047542e-008	2.839366e+000	2.505967e+000
1.563107200047542e-008	2.841463e+000	2.506077e+000
1.573107200047542e-008	2.843557e+000	2.506188e+000
1.583107200047542e-008	2.845650e+000	2.506300e+000
1.593107200047542e-008	2.847741e+000	2.506413e+000
1.603107200047542e-008	2.849830e+000	2.506528e+000
1.613107200047542e-008	2.851918e+000	2.506644e+000
1.623107200047542e-008	2.854004e+000	2.506761e+000
1.633107200047542e-008	2.856088e+000	2.506879e+000
1.643107200047542e-008	2.858170e+000	2.506998e+000
1.653107200047542e-008	2.860251e+000	2.507119e+000
1.663107200047543e-008	2.862329e+000	2.507241e+000
1.673107200047543e-008	2.864407e+000	2.507364e+000
1.693107200047543e-008	2.868555e+000	2.507614e+000
1.713107200047543e-008	2.872696e+000	2.507867e+000
1.723107200047543e-008	2.874764e+000	2.507996e+000
1.733107200047543e-008	2.876830e+000	2.508125e+000
1.743107200047543e-008	2.878894e+000	2.508255e+000
1.763107200047543e-008	2.883017e+000	2.508518e+000
1.783107200047544e-008	2.887131e+000	2.508783e+000
1.803107200047544e-008	2.891239e+000	2.509052e+000
1.833107200047544e-008	2.897385e+000	2.509459e+000
1.863107200047544e-008	2.903513e+000	2.509872e+000
1.893107200047545e-008	2.909623e+000	2.510290e+000
1.923107200047545e-008	2.915715e+000	2.510712e+000
1.953107200047545e-008	2.921789e+000	2.511138e+000
1.974535771476117e-008	2.926116e+000	2.511445e+000
1.995964342904688e-008	2.930433e+000	2.511754e+000
2.017392914333260e-008	2.934740e+000	2.512065e+000
2.038821485761832e-008	2.939037e+000	2.512377e+000
2.060250057190403e-008	2.943324e+000	2.512691e+000
2.081678628618975e-008	2.947601e+000	2.513007e+000
2.103107200047547e-008	2.951868e+000	2.513324e+000
2.135964342904690e-008	2.958391e+000	2.513814e+000
2.168821485761833e-008	2.964889e+000	2.514307e+000
2.201678628618976e-008	2.971361e+000	2.514801e+000
2.234535771476119e-008	2.977808e+000	2.515299e+000
2.267392914333262e-008	2.984229e+000	2.515798e+000
2.300250057190405e-008	2.990625e+000	2.516300e+000
2.333107200047549e-008	2.996996e+000	2.516805e+000
2.364535771476120e-008	3.003064e+000	2.517289e+000
2.395964342904692e-008	3.009107e+000	2.517774e+000
2.427392914333264e-008	3.015125e+000	2.518260e+000
2.458821485761836e-008	3.021117e+000	2.518747e+000
2.490250057190407e-008	3.027083e+000	2.519235e+000
2.521678628618979e-008	3.033025e+000	2.519724e+000
2.553107200047551e-008	3.038941e+000	2.520214e+000
2.594535771476122e-008	3.046699e+000	2.520861e+000
2.635964342904694e-008	3.054409e+000	2.521509e+000
2.677392914333266e-008	3.062071e+000	2.522157e+000
2.718821485761838e-008	3.069684e+000	2.522806e+000
2.760250057190410e-008	3.077250e+000	2.523455e+000
2.801678628618981e-008	3.084767e+000	2.524105e+000
2.843107200047553e-008	3.092235e+000	2.524755e+000
2.903107200047554e-008	3.102965e+000	2.525698e+000
2.963107200047554e-008	3.113582e+000	2.526640e+000
3.023107200047555e-008	3.124086e+000	2.527583e+000
3.083107200047555e-008	3.134478e+000	2.528526e+000
3.143107200047556e-008	3.144757e+000	2.529469e+000
3.203107200047556e-008	3.154923e+000	2.530412e+000
3.263107200047557e-008	3.164977e+000	2.531356e+000
3.351678628618986e-008	3.179608e+000	2.532748e+000
3.440250057190416e-008	3.193959e+000	2.534140e+000
3.528821485761845e-008	3.208032e+000	2.535533e+000
3.617392914333274e-008	3.221827e+000	2.536925e+000
3.705964342904704e-008	3.235343e+000	2.538317e+000
3.794535771476133e-008	3.248580e+000	2.539708e+000
3.883107200047562e-008	3.261539e+000	2.541100e+000
4.187392914333279e-008	3.304091e+000	2.545881e+000
4.491678628618996e-008	3.342557e+000	2.550657e+000
4.795964342904712e-008	3.376939e+000	2.555428e+000
5.100250057190429e-008	3.407234e+000	2.560194e+000
5.404535771476145e-008	3.433444e+000	2.564956e+000
5.708821485761862e-008	3.455568e+000	2.569712e+000
6.013107200047578e-008	3.473607e+000	2.574464e+000
6.367392914333272e-008	3.488566e+000	2.579989e+000
6.721678628618966e-008	3.497339e+000	2.585504e+000
7.075964342904660e-008	3.499926e+000	2.591010e+000
7.430250057190354e-008	3.496326e+000	2.596506e+000
7.784535771476049e-008	3.486540e+000	2.601992e+000
8.138821485761741e-008	3.470567e+000	2.607468e+000
8.493107200047436e-008	3.448408e+000	2.612935e+000
8.605964342904573e-008	3.440116e+000	2.614674e+000
8.718821485761708e-008	3.431244e+000	2.616412e+000
8.831678628618845e-008	3.421792e+000	2.618149e+000
8.944535771475981e-008	3.411761e+000	2.619884e+000
9.057392914333118e-008	3.401149e+000	2.621618e+000
9.170250057190255e-008	3.389957e+000	2.623351e+000
9.283107200047390e-008	3.378186e+000	2.625083e+000
9.371678628618814e-008	3.368560e+000	2.626441e+000
9.460250057190237e-008	3.358606e+000	2.627799e+000
9.548821485761661e-008	3.348323e+000	2.629155e+000
9.637392914333085e-008	3.337712e+000	2.630511e+000
9.725964342904509e-008	3.326772e+000	2.631866e+000
9.814535771475931e-008	3.315504e+000	2.633221e+000
9.903107200047355e-008	3.303907e+000	2.634574e+000
1.006310720004735e-007	3.282186e+000	2.637017e+000
1.014739291433306e-007	3.270330e+000	2.638303e+000
1.023167862861877e-007	3.258213e+000	2.639588e+000
1.031596434290448e-007	3.245836e+000	2.640872e+000
1.040025005719018e-007	3.233197e+000	2.642155e+000
1.048453577147589e-007	3.220297e+000	2.643437e+000
1.056882148576160e-007	3.207137e+000	2.644718e+000
1.065310720004731e-007	3.193715e+000	2.645999e+000
1.070453577147588e-007	3.185409e+000	2.646780e+000
1.075596434290445e-007	3.177015e+000	2.647560e+000
1.080739291433302e-007	3.168535e+000	2.648340e+000
1.085882148576159e-007	3.159967e+000	2.649119e+000
1.091025005719015e-007	3.151311e+000	2.649899e+000
1.096167862861872e-007	3.142569e+000	2.650677e+000
1.101310720004729e-007	3.133739e+000	2.651455e+000
1.106739291433300e-007	3.124327e+000	2.652276e+000
1.112167862861871e-007	3.114828e+000	2.653096e+000
1.117596434290443e-007	3.105241e+000	2.653916e+000
1.123025005719014e-007	3.095566e+000	2.654734e+000
1.128453577147585e-007	3.085803e+000	2.655552e+000
1.133882148576156e-007	3.075952e+000	2.656369e+000
1.139310720004727e-007	3.066013e+000	2.657185e+000
1.144596434290441e-007	3.056256e+000	2.657979e+000
1.149882148576155e-007	3.046425e+000	2.658772e+000
1.155167862861869e-007	3.036521e+000	2.659563e+000
1.160453577147583e-007	3.026542e+000	2.660353e+000
1.165739291433297e-007	3.016490e+000	2.661142e+000
1.171025005719011e-007	3.006364e+000	2.661930e+000
1.176310720004725e-007	2.996164e+000	2.662717e+000
1.186739291433297e-007	2.975818e+000	2.664266e+000
1.197167862861869e-007	2.955243e+000	2.665807e+000
1.207596434290441e-007	2.934439e+000	2.667342e+000
1.218025005719013e-007	2.913406e+000	2.668869e+000
1.228453577147584e-007	2.892144e+000	2.670389e+000
1.238882148576156e-007	2.870653e+000	2.671901e+000
1.249310720004728e-007	2.848933e+000	2.673407e+000
1.255310720004729e-007	2.836361e+000	2.674268e+000
1.261310720004729e-007	2.823734e+000	2.675126e+000
1.267310720004730e-007	2.811053e+000	2.675980e+000
1.273310720004730e-007	2.798318e+000	2.676829e+000
1.279310720004731e-007	2.785528e+000	2.677675e+000
1.285310720004731e-007	2.772684e+000	2.678518e+000
1.291310720004731e-007	2.759785e+000	2.679356e+000
1.295453577147589e-007	2.750853e+000	2.679932e+000
1.299596434290446e-007	2.741902e+000	2.680505e+000
1.303739291433304e-007	2.732931e+000	2.681076e+000
1.307882148576161e-007	2.723941e+000	2.681644e+000
1.312025005719019e-007	2.714931e+000	2.682209e+000
1.316167862861876e-007	2.705902e+000	2.682771e+000
1.320310720004734e-007	2.696854e+000	2.683331e+000
1.323167862861877e-007	2.690604e+000	2.683715e+000
1.326025005719020e-007	2.684347e+000	2.684097e+000
1.328882148576163e-007	2.678084e+000	2.684477e+000
1.331739291433306e-007	2.671813e+000	2.684856e+000
1.334596434290449e-007	2.665535e+000	2.685232e+000
1.337453577147592e-007	2.659250e+000	2.685606e+000
1.340310720004735e-007	2.652958e+000	2.685979e+000
1.342739291433307e-007	2.647605e+000	2.686294e+000
1.345167862861878e-007	2.642248e+000	2.686606e+000
1.347596434290450e-007	2.636887e+000	2.686916e+000
1.350025005719022e-007	2.631522e+000	2.687224e+000
1.352453577147593e-007	2.626153e+000	2.687530e+000
1.354882148576165e-007	2.620780e+000	2.687833e+000
1.357310720004736e-007	2.615404e+000	2.688134e+000
1.359453577147594e-007	2.610657e+000	2.688397e+000
1.361596434290451e-007	2.605908e+000	2.688658e+000
1.363739291433308e-007	2.601156e+000	2.688915e+000
1.365882148576166e-007	2.596403e+000	2.689169e+000
1.368025005719023e-007	2.591647e+000	2.689420e+000
1.370167862861880e-007	2.586889e+000	2.689669e+000
1.372310720004738e-007	2.582129e+000	2.689914e+000
1.376739291433309e-007	2.572283e+000	2.690413e+000
1.381167862861881e-007	2.562432e+000	2.690892e+000
1.385596434290453e-007	2.552577e+000	2.691350e+000
1.390025005719025e-007	2.542718e+000	2.691789e+000
1.394453577147596e-007	2.532853e+000	2.692209e+000
1.398882148576168e-007	2.522984e+000	2.692608e+000
1.403310720004740e-007	2.513111e+000	2.692987e+000
1.409167862861883e-007	2.500048e+000	2.693453e+000
1.415025005719027e-007	2.486991e+000	2.693867e+000
1.420882148576170e-007	2.473939e+000	2.694228e+000
1.426739291433313e-007	2.460893e+000	2.694537e+000
1.432596434290456e-007	2.447852e+000	2.694793e+000
1.438453577147600e-007	2.434817e+000	2.694997e+000
1.444310720004743e-007	2.421787e+000	2.695148e+000
1.446025005719029e-007	2.417978e+000	2.695180e+000
1.447739291433315e-007	2.414170e+000	2.695206e+000
1.449453577147601e-007	2.410363e+000	2.695226e+000
1.451167862861886e-007	2.406557e+000	2.695242e+000
1.452882148576172e-007	2.402753e+000	2.695252e+000
1.454596434290458e-007	2.398950e+000	2.695256e+000
1.456310720004744e-007	2.395148e+000	2.695256e+000
1.459453577147601e-007	2.388182e+000	2.695241e+000
1.462596434290458e-007	2.381222e+000	2.695207e+000
1.465739291433316e-007	2.374269e+000	2.695154e+000
1.468882148576173e-007	2.367322e+000	2.695082e+000
1.472025005719031e-007	2.360381e+000	2.694992e+000
1.475167862861888e-007	2.353446e+000	2.694883e+000
1.478310720004745e-007	2.346518e+000	2.694755e+000
1.482596434290460e-007	2.337082e+000	2.694549e+000
1.486882148576175e-007	2.327663e+000	2.694308e+000
1.491167862861889e-007	2.318261e+000	2.694031e+000
1.495453577147604e-007	2.308876e+000	2.693720e+000
1.499739291433318e-007	2.299508e+000	2.693373e+000
1.504025005719033e-007	2.290157e+000	2.692991e+000
1.508310720004748e-007	2.280823e+000	2.692574e+000
1.510310720004748e-007	2.276474e+000	2.692368e+000
1.511310720004748e-007	2.274302e+000	2.692262e+000
1.512310720004748e-007	2.272131e+000	2.692154e+000
1.513310720004748e-007	2.269960e+000	2.692045e+000
1.514310720004748e-007	2.267792e+000	2.691933e+000
1.515310720004748e-007	2.265624e+000	2.691820e+000
1.516310720004748e-007	2.263457e+000	2.691705e+000
1.517310720004748e-007	2.261292e+000	2.691588e+000
1.518310720004748e-007	2.259127e+000	2.691469e+000
1.520310720004749e-007	2.254802e+000	2.691226e+000
1.522310720004749e-007	2.250482e+000	2.690976e+000
1.524310720004749e-007	2.246167e+000	2.690718e+000
1.526310720004749e-007	2.241857e+000	2.690454e+000
1.528310720004749e-007	2.237552e+000	2.690184e+000
1.530310720004749e-007	2.233252e+000	2.689908e+000
1.532310720004750e-007	2.228957e+000	2.689626e+000
1.534310720004750e-007	2.224668e+000	2.689339e+000
1.536310720004750e-007	2.220385e+000	2.689047e+000
1.537310720004750e-007	2.218245e+000	2.688900e+000
1.538310720004750e-007	2.216107e+000	2.688751e+000
1.539310720004750e-007	2.213970e+000	2.688601e+000
1.540310720004750e-007	2.211834e+000	2.688451e+000
1.541310720004750e-007	2.209700e+000	2.688299e+000
1.542310720004750e-007	2.207567e+000	2.688146e+000
1.543310720004750e-007	2.205436e+000	2.687992e+000
1.544310720004750e-007	2.203306e+000	2.687837e+000
1.545310720004751e-007	2.201178e+000	2.687682e+000
1.546310720004751e-007	2.199052e+000	2.687525e+000
1.547310720004751e-007	2.196926e+000	2.687368e+000
1.548310720004751e-007	2.194803e+000	2.687209e+000
1.549310720004751e-007	2.192680e+000	2.687050e+000
1.551310720004751e-007	2.188440e+000	2.686729e+000
1.552310720004751e-007	2.186323e+000	2.686567e+000
1.553310720004751e-007	2.184207e+000	2.686405e+000
1.554310720004751e-007	2.182092e+000	2.686242e+000
1.555310720004751e-007	2.179979e+000	2.686078e+000
1.556310720004751e-007	2.177868e+000	2.685913e+000
1.557310720004751e-007	2.175758e+000	2.685748e+000
1.558310720004751e-007	2.173650e+000	2.685582e+000
1.559310720004752e-007	2.171544e+000	2.685415e+000
1.560310720004752e-007	2.169439e+000	2.685248e+000
1.561310720004752e-007	2.167336e+000	2.685080e+000
1.562310720004752e-007	2.165234e+000	2.684911e+000
1.563310720004752e-007	2.163134e+000	2.684742e+000
1.564310720004752e-007	2.161036e+000	2.684572e+000
1.565310720004752e-007	2.158939e+000	2.684402e+000
1.566310720004752e-007	2.156845e+000	2.684231e+000
1.567310720004752e-007	2.154752e+000	2.684060e+000
1.568310720004752e-007	2.152660e+000	2.683887e+000
1.569310720004752e-007	2.150570e+000	2.683715e+000
1.570310720004752e-007	2.148482e+000	2.683542e+000
1.571310720004752e-007	2.146396e+000	2.683369e+000
1.572310720004753e-007	2.144312e+000	2.683195e+000
1.573310720004753e-007	2.142229e+000	2.683021e+000
1.574310720004753e-007	2.140148e+000	2.682847e+000
1.575310720004753e-007	2.138069e+000	2.682672e+000
1.576310720004753e-007	2.135992e+000	2.682497e+000
1.577310720004753e-007	2.133916e+000	2.682321e+000
1.578310720004753e-007	2.131843e+000	2.682145e+000
1.579310720004753e-007	2.129771e+000	2.681969e+000
1.580310720004753e-007	2.127701e+000	2.681792e+000
1.582310720004753e-007	2.123566e+000	2.681438e+000
1.584310720004753e-007	2.119439e+000	2.681082e+000
1.587310720004754e-007	2.113263e+000	2.680546e+000
1.590310720004754e-007	2.107104e+000	2.680007e+000
1.593310720004754e-007	2.100963e+000	2.679465e+000
1.596310720004754e-007	2.094839e+000	2.678921e+000
1.599310720004755e-007	2.088733e+000	2.678373e+000
1.602310720004755e-007	2.082647e+000	2.677823e+000
1.605310720004755e-007	2.076578e+000	2.677271e+000
1.608310720004755e-007	2.070529e+000	2.676716e+000
1.611310720004755e-007	2.064498e+000	2.676159e+000
1.614310720004756e-007	2.058488e+000	2.675599e+000
1.617025005719042e-007	2.053066e+000	2.675091e+000
1.619739291433327e-007	2.047661e+000	2.674581e+000
1.622453577147614e-007	2.042273e+000	2.674070e+000
1.625167862861899e-007	2.036902e+000	2.673557e+000
1.627882148576185e-007	2.031547e+000	2.673042e+000
1.630596434290471e-007	2.026210e+000	2.672526e+000
1.633310720004757e-007	2.020889e+000	2.672008e+000
1.637025005719043e-007	2.013636e+000	2.671296e+000
1.640739291433329e-007	2.006418e+000	2.670583e+000
1.644453577147615e-007	1.999234e+000	2.669868e+000
1.648167862861901e-007	1.992085e+000	2.669150e+000
1.651882148576187e-007	1.984970e+000	2.668430e+000
1.655596434290473e-007	1.977890e+000	2.667707e+000
1.659310720004759e-007	1.970845e+000	2.666983e+000
1.664882148576188e-007	1.960343e+000	2.665892e+000
1.670453577147617e-007	1.949928e+000	2.664798e+000
1.676025005719046e-007	1.939600e+000	2.663699e+000
1.681596434290475e-007	1.929360e+000	2.662597e+000
1.687167862861904e-007	1.919206e+000	2.661491e+000
1.692739291433333e-007	1.909140e+000	2.660381e+000
1.698310720004762e-007	1.899162e+000	2.659268e+000
1.707167862861905e-007	1.883481e+000	2.657490e+000
1.716025005719049e-007	1.868055e+000	2.655705e+000
1.724882148576193e-007	1.852885e+000	2.653912e+000
1.733739291433336e-007	1.837970e+000	2.652112e+000
1.742596434290480e-007	1.823309e+000	2.650303e+000
1.751453577147623e-007	1.808904e+000	2.648487e+000
1.760310720004767e-007	1.794754e+000	2.646664e+000
1.787596434290483e-007	1.752641e+000	2.640990e+000
1.814882148576199e-007	1.713620e+000	2.635268e+000
1.842167862861916e-007	1.677690e+000	2.629497e+000
1.869453577147632e-007	1.644852e+000	2.623677e+000
1.896739291433348e-007	1.615106e+000	2.617808e+000
1.924025005719065e-007	1.588451e+000	2.611891e+000
1.951310720004781e-007	1.564887e+000	2.605924e+000
1.962453577147639e-007	1.556363e+000	2.603483e+000
1.973596434290497e-007	1.548433e+000	2.601038e+000
1.984739291433355e-007	1.541096e+000	2.598588e+000
1.995882148576213e-007	1.534352e+000	2.596135e+000
2.007025005719071e-007	1.528202e+000	2.593677e+000
2.018167862861929e-007	1.522645e+000	2.591216e+000
2.029310720004787e-007	1.517682e+000	2.588751e+000
2.030310720004787e-007	1.517267e+000	2.588529e+000
2.053025005719074e-007	1.509151e+000	2.583490e+000
2.075739291433362e-007	1.503591e+000	2.578448e+000
2.098453577147649e-007	1.500588e+000	2.573404e+000
2.121167862861937e-007	1.500141e+000	2.568358e+000
2.143882148576224e-007	1.502251e+000	2.563310e+000
2.166596434290512e-007	1.506918e+000	2.558259e+000
2.189310720004799e-007	1.514140e+000	2.553207e+000
2.197882148576228e-007	1.517526e+000	2.551304e+000
2.206453577147657e-007	1.521267e+000	2.549403e+000
2.215025005719087e-007	1.525363e+000	2.547504e+000
2.223596434290516e-007	1.529813e+000	2.545606e+000
2.232167862861945e-007	1.534619e+000	2.543710e+000
2.240739291433374e-007	1.539779e+000	2.541815e+000
2.249310720004803e-007	1.545295e+000	2.539922e+000
2.256310720004804e-007	1.550058e+000	2.538378e+000
2.263310720004804e-007	1.555049e+000	2.536835e+000
2.270310720004805e-007	1.560268e+000	2.535294e+000
2.277310720004805e-007	1.565715e+000	2.533755e+000
2.284310720004806e-007	1.571390e+000	2.532218e+000
2.291310720004807e-007	1.577294e+000	2.530683e+000
2.298310720004807e-007	1.583425e+000	2.529149e+000
2.305453577147665e-007	1.589913e+000	2.527586e+000
2.312596434290522e-007	1.596627e+000	2.526026e+000
2.319739291433380e-007	1.603568e+000	2.524468e+000
2.326882148576238e-007	1.610735e+000	2.522913e+000
2.334025005719096e-007	1.618128e+000	2.521360e+000
2.341167862861953e-007	1.625747e+000	2.519811e+000
2.348310720004811e-007	1.633593e+000	2.518263e+000
2.356025005719097e-007	1.642316e+000	2.516596e+000
2.363739291433383e-007	1.651285e+000	2.514933e+000
2.371453577147670e-007	1.660500e+000	2.513274e+000
2.379167862861956e-007	1.669963e+000	2.511620e+000
2.386882148576242e-007	1.679673e+000	2.509970e+000
2.394596434290529e-007	1.689629e+000	2.508324e+000
2.402310720004815e-007	1.699832e+000	2.506684e+000
2.412453577147673e-007	1.713616e+000	2.504533e+000
2.422596434290531e-007	1.727784e+000	2.502395e+000
2.432739291433389e-007	1.742335e+000	2.500267e+000
2.442882148576246e-007	1.757270e+000	2.498152e+000
2.453025005719104e-007	1.772588e+000	2.496047e+000
2.463167862861962e-007	1.788289e+000	2.493955e+000
2.473310720004820e-007	1.804374e+000	2.491873e+000
2.488453577147679e-007	1.829094e+000	2.488788e+000
2.503596434290537e-007	1.854503e+000	2.485744e+000
2.518739291433395e-007	1.880603e+000	2.482740e+000
2.533882148576253e-007	1.907392e+000	2.479778e+000
2.549025005719111e-007	1.934871e+000	2.476857e+000
2.564167862861970e-007	1.963040e+000	2.473976e+000
2.579310720004828e-007	1.991899e+000	2.471137e+000
2.584739291433400e-007	2.002363e+000	2.470134e+000
2.590167862861972e-007	2.012896e+000	2.469137e+000
2.595596434290544e-007	2.023499e+000	2.468148e+000
2.601025005719115e-007	2.034170e+000	2.467167e+000
2.606453577147687e-007	2.044911e+000	2.466192e+000
2.611882148576259e-007	2.055720e+000	2.465224e+000
2.617310720004831e-007	2.066599e+000	2.464264e+000
2.622596434290546e-007	2.077252e+000	2.463336e+000
2.627882148576260e-007	2.087960e+000	2.462417e+000
2.633167862861975e-007	2.098723e+000	2.461505e+000
2.638453577147690e-007	2.109541e+000	2.460600e+000
2.643739291433405e-007	2.120414e+000	2.459704e+000
2.649025005719119e-007	2.131342e+000	2.458816e+000
2.654310720004834e-007	2.142325e+000	2.457935e+000
2.663025005719120e-007	2.160551e+000	2.456500e+000
2.671739291433407e-007	2.178887e+000	2.455091e+000
2.680453577147693e-007	2.197335e+000	2.453707e+000
2.689167862861979e-007	2.215893e+000	2.452350e+000
2.697882148576265e-007	2.234561e+000	2.451018e+000
2.706596434290552e-007	2.253340e+000	2.449711e+000
2.715310720004838e-007	2.272230e+000	2.448430e+000
2.723739291433411e-007	2.290582e+000	2.447219e+000
2.732167862861982e-007	2.308992e+000	2.446037e+000
2.740596434290555e-007	2.327459e+000	2.444885e+000
2.749025005719127e-007	2.345984e+000	2.443763e+000
2.757453577147699e-007	2.364566e+000	2.442670e+000
2.765882148576271e-007	2.383206e+000	2.441608e+000
2.774310720004843e-007	2.401904e+000	2.440575e+000
2.779025005719129e-007	2.412371e+000	2.440012e+000
2.783739291433415e-007	2.422845e+000	2.439461e+000
2.788453577147701e-007	2.433326e+000	2.438921e+000
2.793167862861987e-007	2.443813e+000	2.438393e+000
2.797882148576273e-007	2.454308e+000	2.437875e+000
2.802596434290559e-007	2.464809e+000	2.437370e+000
2.807310720004845e-007	2.475317e+000	2.436876e+000
2.808739291433417e-007	2.478501e+000	2.436729e+000
2.810167862861988e-007	2.481685e+000	2.436583e+000
2.811596434290560e-007	2.484869e+000	2.436438e+000
2.813025005719131e-007	2.488054e+000	2.436295e+000
2.814453577147703e-007	2.491238e+000	2.436153e+000
2.815882148576274e-007	2.494423e+000	2.436012e+000
2.817310720004846e-007	2.497608e+000	2.435872e+000
2.818310720004846e-007	2.499837e+000	2.435775e+000
2.819310720004846e-007	2.500000e+000	2.435678e+000
2.820310720004846e-007	2.500000e+000	2.435582e+000
2.822310720004846e-007	2.500000e+000	2.435391e+000
2.825310720004847e-007	2.500000e+000	2.435111e+000
2.827739291433419e-007	2.500000e+000	2.434887e+000
2.830167862861990e-007	2.500000e+000	2.434667e+000
2.832596434290562e-007	2.500000e+000	2.434451e+000
2.835025005719133e-007	2.500000e+000	2.434239e+000
2.837453577147705e-007	2.500000e+000	2.434030e+000
2.839882148576276e-007	2.500000e+000	2.433824e+000
2.842310720004848e-007	2.500000e+000	2.433623e+000
2.845167862861991e-007	2.500000e+000	2.433390e+000
2.848025005719134e-007	2.500000e+000	2.433162e+000
2.850882148576277e-007	2.500000e+000	2.432939e+000
2.853739291433420e-007	2.500000e+000	2.432721e+000
2.856596434290563e-007	2.500000e+000	2.432508e+000
2.859453577147706e-007	2.500000e+000	2.432301e+000
2.862310720004849e-007	2.500000e+000	2.432098e+000
2.873882148576279e-007	2.500000e+000	2.431332e+000
2.885453577147708e-007	2.500000e+000	2.430652e+000
2.897025005719138e-007	2.500000e+000	2.430058e+000
2.908596434290567e-007	2.500000e+000	2.429551e+000
2.920167862861997e-007	2.500000e+000	2.429131e+000
2.931739291433426e-007	2.500000e+000	2.428798e+000
2.943310720004856e-007	2.500000e+000	2.428551e+000
2.948310720004856e-007	2.500000e+000	2.428471e+000
2.953310720004856e-007	2.500000e+000	2.428407e+000
2.958310720004857e-007	2.500000e+000	2.428359e+000
2.963310720004857e-007	2.500000e+000	2.428327e+000
2.968310720004857e-007	2.500000e+000	2.428311e+000
2.973310720004858e-007	2.500000e+000	2.428311e+000
2.978310720004858e-007	2.500000e+000	2.428327e+000
2.989025005719145e-007	2.500000e+000	2.428416e+000
2.999739291433431e-007	2.500000e+000	2.428575e+000
3.010453577147718e-007	2.500000e+000	2.428802e+000
3.021167862862004e-007	2.500000e+000	2.429099e+000
3.031882148576291e-007	2.500000e+000	2.429466e+000
3.042596434290577e-007	2.500000e+000	2.429902e+000
3.053310720004864e-007	2.500000e+000	2.430407e+000
3.054310720004864e-007	2.500000e+000	2.430457e+000
3.059310720004864e-007	2.500000e+000	2.430717e+000
3.064310720004865e-007	2.500000e+000	2.430991e+000
3.069310720004865e-007	2.500000e+000	2.431278e+000
3.074310720004865e-007	2.500000e+000	2.431580e+000
3.079310720004866e-007	2.500000e+000	2.431895e+000
3.084310720004866e-007	2.500000e+000	2.432224e+000
3.089310720004867e-007	2.500000e+000	2.432566e+000
3.092739291433438e-007	2.500000e+000	2.432809e+000
3.096167862862010e-007	2.500000e+000	2.433057e+000
3.099596434290582e-007	2.500000e+000	2.433311e+000
3.103025005719153e-007	2.500000e+000	2.433571e+000
3.106453577147725e-007	2.500000e+000	2.433836e+000
3.109882148576296e-007	2.500000e+000	2.434108e+000
3.113310720004868e-007	2.500000e+000	2.434385e+000
3.118882148576297e-007	2.500000e+000	2.434847e+000
3.124453577147726e-007	2.500000e+000	2.435321e+000
3.130025005719155e-007	2.500000e+000	2.435805e+000
3.135596434290584e-007	2.500000e+000	2.436299e+000
3.141167862862013e-007	2.500000e+000	2.436805e+000
3.146739291433442e-007	2.500000e+000	2.437321e+000
3.152310720004871e-007	2.500000e+000	2.437848e+000
3.160310720004872e-007	2.500000e+000	2.438619e+000
3.168310720004872e-007	2.500000e+000	2.439400e+000
3.176310720004873e-007	2.500000e+000	2.440191e+000
3.184310720004874e-007	2.500000e+000	2.440991e+000
3.192310720004874e-007	2.500000e+000	2.441801e+000
3.200310720004875e-007	2.500000e+000	2.442621e+000
3.208310720004875e-007	2.500000e+000	2.443451e+000
3.217739291433448e-007	2.500000e+000	2.444433e+000
3.227167862862020e-007	2.500000e+000	2.445419e+000
3.236596434290592e-007	2.500000e+000	2.446409e+000
3.246025005719164e-007	2.500000e+000	2.447402e+000
3.255453577147736e-007	2.500000e+000	2.448400e+000
3.264882148576308e-007	2.500000e+000	2.449401e+000
3.274310720004880e-007	2.500000e+000	2.450406e+000
3.290596434290596e-007	2.500000e+000	2.452145e+000
3.306882148576311e-007	2.500000e+000	2.453886e+000
3.323167862862027e-007	2.500000e+000	2.455629e+000
3.339453577147743e-007	2.500000e+000	2.457373e+000
3.355739291433458e-007	2.500000e+000	2.459119e+000
3.372025005719173e-007	2.500000e+000	2.460867e+000
3.388310720004889e-007	2.500000e+000	2.462617e+000
3.422453577147749e-007	2.500000e+000	2.466294e+000
3.456596434290609e-007	2.500000e+000	2.469957e+000
3.490739291433468e-007	2.500000e+000	2.473606e+000
3.524882148576328e-007	2.500000e+000	2.477242e+000
3.559025005719187e-007	2.500000e+000	2.480864e+000
3.593167862862047e-007	2.500000e+000	2.484473e+000
3.627310720004907e-007	2.500000e+000	2.488068e+000
3.651310720004909e-007	2.500000e+000	2.490581e+000
3.675310720004911e-007	2.500000e+000	2.493056e+000
3.699310720004912e-007	2.500000e+000	2.495495e+000
3.723310720004914e-007	2.500000e+000	2.497897e+000
3.747310720004916e-007	2.500000e+000	2.500262e+000
3.771310720004918e-007	2.500000e+000	2.502590e+000
3.795310720004920e-007	2.500000e+000	2.504880e+000
3.827310720004922e-007	2.500000e+000	2.507849e+000
3.859310720004924e-007	2.500000e+000	2.510637e+000
3.891310720004927e-007	2.500000e+000	2.513245e+000
3.923310720004929e-007	2.500000e+000	2.515674e+000
3.955310720004932e-007	2.500000e+000	2.517921e+000
3.987310720004934e-007	2.500000e+000	2.519989e+000
4.019310720004936e-007	2.500000e+000	2.521876e+000
4.078310720004941e-007	2.500000e+000	2.524688e+000
4.097453577147799e-007	2.500000e+000	2.525428e+000
4.116596434290658e-007	2.500000e+000	2.526080e+000
4.135739291433517e-007	2.500000e+000	2.526645e+000
4.154882148576375e-007	2.500000e+000	2.527123e+000
4.174025005719234e-007	2.500000e+000	2.527512e+000
4.193167862862092e-007	2.500000e+000	2.527814e+000
4.212310720004951e-007	2.500000e+000	2.528029e+000
4.224310720004952e-007	2.500000e+000	2.528118e+000
4.236310720004953e-007	2.500000e+000	2.528175e+000
4.248310720004954e-007	2.500000e+000	2.528198e+000
4.260310720004954e-007	2.500000e+000	2.528188e+000
4.272310720004955e-007	2.500000e+000	2.528145e+000
4.284310720004956e-007	2.500000e+000	2.528069e+000
4.296310720004957e-007	2.500000e+000	2.527960e+000
4.319310720004959e-007	2.500000e+000	2.527653e+000
4.342310720004961e-007	2.500000e+000	2.527243e+000
4.365310720004962e-007	2.500000e+000	2.526730e+000
4.388310720004964e-007	2.500000e+000	2.526114e+000
4.411310720004966e-007	2.500000e+000	2.525395e+000
4.434310720004968e-007	2.500000e+000	2.524574e+000
4.457310720004969e-007	2.500000e+000	2.523650e+000
4.499596434290687e-007	2.500000e+000	2.521654e+000
4.541882148576404e-007	2.500000e+000	2.519506e+000
4.584167862862122e-007	2.500000e+000	2.517205e+000
4.626453577147839e-007	2.500000e+000	2.514751e+000
4.668739291433557e-007	2.500000e+000	2.512144e+000
4.711025005719274e-007	2.500000e+000	2.509384e+000
4.753310720004992e-007	2.500000e+000	2.506471e+000
4.793453577147852e-007	2.500000e+000	2.503718e+000
4.833596434290711e-007	2.500000e+000	2.501063e+000
4.873739291433572e-007	2.500000e+000	2.498508e+000
4.913882148576432e-007	2.500000e+000	2.496053e+000
4.954025005719292e-007	2.500000e+000	2.493696e+000
4.994167862862152e-007	2.500000e+000	2.491439e+000
5.034310720005012e-007	2.500000e+000	2.489281e+000
5.043882148576442e-007	2.500000e+000	2.488810e+000
5.053453577147870e-007	2.500000e+000	2.488350e+000
5.063025005719300e-007	2.500000e+000	2.487902e+000
5.072596434290729e-007	2.500000e+000	2.487466e+000
5.082167862862159e-007	2.500000e+000	2.487041e+000
5.091739291433588e-007	2.500000e+000	2.486628e+000
5.101310720005017e-007	2.500000e+000	2.486226e+000
5.102310720005017e-007	2.500000e+000	2.486185e+000
5.126739291433590e-007	2.500000e+000	2.485217e+000
5.151167862862164e-007	2.500000e+000	2.484339e+000
5.175596434290737e-007	2.500000e+000	2.483550e+000
5.200025005719310e-007	2.500000e+000	2.482852e+000
5.224453577147883e-007	2.500000e+000	2.482243e+000
5.248882148576457e-007	2.500000e+000	2.481724e+000
5.273310720005030e-007	2.500000e+000	2.481295e+000
5.287025005719317e-007	2.500000e+000	2.481098e+000
5.300739291433603e-007	2.500000e+000	2.480930e+000
5.314453577147890e-007	2.500000e+000	2.480792e+000
5.328167862862177e-007	2.500000e+000	2.480683e+000
5.341882148576464e-007	2.500000e+000	2.480603e+000
5.355596434290751e-007	2.500000e+000	2.480553e+000
5.369310720005037e-007	2.500000e+000	2.480532e+000
5.381025005719324e-007	2.500000e+000	2.480537e+000
5.392739291433610e-007	2.500000e+000	2.480562e+000
5.404453577147897e-007	2.500000e+000	2.480608e+000
5.416167862862184e-007	2.500000e+000	2.480673e+000
5.427882148576471e-007	2.500000e+000	2.480759e+000
5.439596434290757e-007	2.500000e+000	2.480865e+000
5.451310720005043e-007	2.500000e+000	2.480991e+000
5.479167862862189e-007	2.500000e+000	2.481380e+000
5.507025005719333e-007	2.500000e+000	2.481859e+000
5.534882148576479e-007	2.500000e+000	2.482428e+000
5.562739291433623e-007	2.500000e+000	2.483087e+000
5.590596434290768e-007	2.500000e+000	2.483835e+000
5.618453577147914e-007	2.500000e+000	2.484673e+000
5.646310720005058e-007	2.500000e+000	2.485601e+000
5.695453577147918e-007	2.500000e+000	2.487472e+000
5.744596434290780e-007	2.500000e+000	2.489407e+000
5.793739291433640e-007	2.500000e+000	2.491405e+000
5.842882148576502e-007	2.500000e+000	2.493465e+000
5.892025005719362e-007	2.500000e+000	2.495589e+000
5.941167862862224e-007	2.500000e+000	2.497776e+000
5.990310720005084e-007	2.500000e+000	2.500026e+000
6.009596434290800e-007	2.500000e+000	2.500855e+000
6.028882148576516e-007	2.500000e+000	2.501665e+000
6.048167862862232e-007	2.500000e+000	2.502456e+000
6.067453577147946e-007	2.500000e+000	2.503229e+000
6.086739291433662e-007	2.500000e+000	2.503984e+000
6.106025005719378e-007	2.500000e+000	2.504720e+000
6.125310720005094e-007	2.500000e+000	2.505437e+000
6.126310720005094e-007	2.500000e+000	2.505473e+000
6.156596434290811e-007	2.500000e+000	2.506550e+000
6.186882148576528e-007	2.500000e+000	2.507548e+000
6.217167862862244e-007	2.500000e+000	2.508468e+000
6.247453577147960e-007	2.500000e+000	2.509309e+000
6.277739291433677e-007	2.500000e+000	2.510072e+000
6.308025005719393e-007	2.500000e+000	2.510756e+000
6.338310720005110e-007	2.500000e+000	2.511362e+000
6.359025005719397e-007	2.500000e+000	2.511719e+000
6.379739291433684e-007	2.500000e+000	2.512033e+000
6.400453577147971e-007	2.500000e+000	2.512305e+000
6.421167862862260e-007	2.500000e+000	2.512533e+000
6.441882148576547e-007	2.500000e+000	2.512719e+000
6.462596434290834e-007	2.500000e+000	2.512862e+000
6.483310720005121e-007	2.500000e+000	2.512963e+000
6.496882148576551e-007	2.500000e+000	2.513005e+000
6.510453577147980e-007	2.500000e+000	2.513030e+000
6.524025005719410e-007	2.500000e+000	2.513037e+000
6.537596434290839e-007	2.500000e+000	2.513027e+000
6.551167862862269e-007	2.500000e+000	2.512999e+000
6.564739291433698e-007	2.500000e+000	2.512953e+000
6.578310720005128e-007	2.500000e+000	2.512889e+000
6.604167862862273e-007	2.500000e+000	2.512717e+000
6.630025005719418e-007	2.500000e+000	2.512491e+000
6.655882148576563e-007	2.500000e+000	2.512213e+000
6.681739291433707e-007	2.500000e+000	2.511881e+000
6.707596434290852e-007	2.500000e+000	2.511496e+000
6.733453577147996e-007	2.500000e+000	2.511058e+000
6.759310720005142e-007	2.500000e+000	2.510566e+000
6.815025005719431e-007	2.500000e+000	2.509288e+000
6.870739291433721e-007	2.500000e+000	2.507936e+000
6.926453577148012e-007	2.500000e+000	2.506512e+000
6.982167862862302e-007	2.500000e+000	2.505013e+000
7.037882148576592e-007	2.500000e+000	2.503442e+000
7.093596434290881e-007	2.500000e+000	2.501797e+000
7.149310720005171e-007	2.500000e+000	2.500080e+000
7.150310720005171e-007	2.500000e+000	2.500051e+000
7.187310720005174e-007	2.500000e+000	2.498980e+000
7.224310720005177e-007	2.500000e+000	2.497964e+000
7.261310720005179e-007	2.500000e+000	2.497002e+000
7.298310720005182e-007	2.500000e+000	2.496094e+000
7.335310720005185e-007	2.500000e+000	2.495240e+000
7.372310720005188e-007	2.500000e+000	2.494440e+000
7.409310720005191e-007	2.500000e+000	2.493694e+000
7.435882148576621e-007	2.500000e+000	2.493216e+000
7.462453577148051e-007	2.500000e+000	2.492783e+000
7.489025005719482e-007	2.500000e+000	2.492393e+000
7.515596434290913e-007	2.500000e+000	2.492048e+000
7.542167862862344e-007	2.500000e+000	2.491747e+000
7.568739291433774e-007	2.500000e+000	2.491490e+000
7.595310720005205e-007	2.500000e+000	2.491277e+000
7.610882148576635e-007	2.500000e+000	2.491176e+000
7.626453577148064e-007	2.500000e+000	2.491090e+000
7.642025005719494e-007	2.500000e+000	2.491020e+000
7.657596434290924e-007	2.500000e+000	2.490965e+000
7.673167862862354e-007	2.500000e+000	2.490927e+000
7.688739291433783e-007	2.500000e+000	2.490904e+000
7.704310720005213e-007	2.500000e+000	2.490897e+000
7.721167862862357e-007	2.500000e+000	2.490907e+000
7.738025005719501e-007	2.500000e+000	2.490934e+000
7.754882148576645e-007	2.500000e+000	2.490978e+000
7.771739291433789e-007	2.500000e+000	2.491040e+000
7.788596434290933e-007	2.500000e+000	2.491118e+000
7.805453577148077e-007	2.500000e+000	2.491213e+000
7.822310720005222e-007	2.500000e+000	2.491325e+000
7.857453577148081e-007	2.500000e+000	2.491621e+000
7.892596434290941e-007	2.500000e+000	2.491968e+000
7.927739291433801e-007	2.500000e+000	2.492367e+000
7.962882148576661e-007	2.500000e+000	2.492817e+000
7.998025005719520e-007	2.500000e+000	2.493320e+000
8.033167862862381e-007	2.500000e+000	2.493874e+000
8.068310720005240e-007	2.500000e+000	2.494480e+000
8.083310720005241e-007	2.500000e+000	2.494744e+000
8.098310720005242e-007	2.500000e+000	2.495012e+000
8.113310720005243e-007	2.500000e+000	2.495285e+000
8.128310720005245e-007	2.500000e+000	2.495561e+000
8.143310720005246e-007	2.500000e+000	2.495842e+000
8.158310720005247e-007	2.500000e+000	2.496127e+000
8.173310720005248e-007	2.500000e+000	2.496417e+000
8.174310720005248e-007	2.500000e+000	2.496436e+000
8.220167862862395e-007	2.500000e+000	2.497361e+000
8.266025005719540e-007	2.500000e+000	2.498265e+000
8.311882148576687e-007	2.500000e+000	2.499147e+000
8.357739291433833e-007	2.500000e+000	2.500008e+000
8.403596434290980e-007	2.500000e+000	2.500848e+000
8.449453577148126e-007	2.500000e+000	2.501666e+000
8.495310720005272e-007	2.500000e+000	2.502463e+000
8.527596434290989e-007	2.500000e+000	2.502975e+000
8.559882148576706e-007	2.500000e+000	2.503449e+000
8.592167862862423e-007	2.500000e+000	2.503885e+000
8.624453577148139e-007	2.500000e+000	2.504284e+000
8.656739291433855e-007	2.500000e+000	2.504646e+000
8.689025005719572e-007	2.500000e+000	2.504970e+000
8.721310720005289e-007	2.500000e+000	2.505256e+000
8.743739291433862e-007	2.500000e+000	2.505427e+000
8.766167862862436e-007	2.500000e+000	2.505576e+000
8.788596434291009e-007	2.500000e+000	2.505705e+000
8.811025005719581e-007	2.500000e+000	2.505812e+000
8.833453577148154e-007	2.500000e+000	2.505899e+000
8.855882148576728e-007	2.500000e+000	2.505964e+000
8.878310720005301e-007	2.500000e+000	2.506008e+000
8.893882148576731e-007	2.500000e+000	2.506026e+000
8.909453577148160e-007	2.500000e+000	2.506034e+000
8.925025005719590e-007	2.500000e+000	2.506032e+000
8.940596434291020e-007	2.500000e+000	2.506021e+000
8.956167862862450e-007	2.500000e+000	2.506000e+000
8.971739291433879e-007	2.500000e+000	2.505969e+000
8.987310720005309e-007	2.500000e+000	2.505929e+000
9.017310720005311e-007	2.500000e+000	2.505821e+000
9.047310720005314e-007	2.500000e+000	2.505685e+000
9.077310720005316e-007	2.500000e+000	2.505519e+000
9.107310720005318e-007	2.500000e+000	2.505325e+000
9.137310720005320e-007	2.500000e+000	2.505102e+000
9.167310720005323e-007	2.500000e+000	2.504850e+000
9.197310720005325e-007	2.500000e+000	2.504570e+000
9.198310720005325e-007	2.500000e+000	2.504560e+000
9.264739291433901e-007	2.500000e+000	2.503808e+000
9.331167862862478e-007	2.500000e+000	2.503036e+000
9.397596434291054e-007	2.500000e+000	2.502244e+000
9.464025005719630e-007	2.500000e+000	2.501431e+000
9.530453577148208e-007	2.500000e+000	2.500599e+000
9.596882148576784e-007	2.500000e+000	2.499746e+000
9.663310720005360e-007	2.500000e+000	2.498873e+000
9.698882148576791e-007	2.500000e+000	2.498457e+000
9.734453577148223e-007	2.500000e+000	2.498068e+000
9.770025005719655e-007	2.500000e+000	2.497706e+000
9.805596434291084e-007	2.500000e+000	2.497371e+000
9.841167862862515e-007	2.500000e+000	2.497062e+000
9.876739291433947e-007	2.500000e+000	2.496780e+000
9.912310720005379e-007	2.500000e+000	2.496524e+000
9.937882148576809e-007	2.500000e+000	2.496364e+000
9.963453577148240e-007	2.500000e+000	2.496222e+000
9.989025005719671e-007	2.500000e+000	2.496097e+000
1.001459643429110e-006	2.500000e+000	2.495991e+000
1.004016786286253e-006	2.500000e+000	2.495902e+000
1.006573929143396e-006	2.500000e+000	2.495832e+000
1.009131072000539e-006	2.500000e+000	2.495779e+000
1.010988214857682e-006	2.500000e+000	2.495752e+000
1.012845357714825e-006	2.500000e+000	2.495735e+000
1.014702500571968e-006	2.500000e+000	2.495727e+000
1.016559643429111e-006	2.500000e+000	2.495728e+000
1.018416786286254e-006	2.500000e+000	2.495738e+000
1.020273929143397e-006	2.500000e+000	2.495758e+000
1.022131072000540e-006	2.500000e+000	2.495786e+000
1.022231072000540e-006	2.500000e+000	2.495788e+000
1.025302500571969e-006	2.500000e+000	2.495858e+000
1.028373929143398e-006	2.500000e+000	2.495947e+000
1.031445357714827e-006	2.500000e+000	2.496057e+000
1.034516786286255e-006	2.500000e+000	2.496187e+000
1.037588214857684e-006	2.500000e+000	2.496337e+000
1.040659643429113e-006	2.500000e+000	2.496507e+000
1.043731072000542e-006	2.500000e+000	2.496697e+000
1.050502500571971e-006	2.500000e+000	2.497205e+000
1.057273929143400e-006	2.500000e+000	2.497728e+000
1.064045357714829e-006	2.500000e+000	2.498266e+000
1.070816786286258e-006	2.500000e+000	2.498818e+000
1.077588214857687e-006	2.500000e+000	2.499386e+000
1.084359643429116e-006	2.500000e+000	2.499968e+000
1.091131072000545e-006	2.500000e+000	2.500565e+000
1.094831072000546e-006	2.500000e+000	2.500856e+000
1.098531072000546e-006	2.500000e+000	2.501127e+000
1.102231072000546e-006	2.500000e+000	2.501380e+000
1.105931072000547e-006	2.500000e+000	2.501614e+000
1.109631072000547e-006	2.500000e+000	2.501830e+000
1.113331072000547e-006	2.500000e+000	2.502027e+000
1.117031072000547e-006	2.500000e+000	2.502205e+000
1.124631072000548e-006	2.500000e+000	2.502489e+000
1.126945357714834e-006	2.500000e+000	2.502556e+000
1.129259643429120e-006	2.500000e+000	2.502612e+000
1.131573929143406e-006	2.500000e+000	2.502660e+000
1.133888214857692e-006	2.500000e+000	2.502697e+000
1.136202500571977e-006	2.500000e+000	2.502725e+000
1.138516786286263e-006	2.500000e+000	2.502743e+000
1.140831072000549e-006	2.500000e+000	2.502752e+000
1.143059643429121e-006	2.500000e+000	2.502751e+000
1.145288214857692e-006	2.500000e+000	2.502742e+000
1.147516786286264e-006	2.500000e+000	2.502725e+000
1.149745357714836e-006	2.500000e+000	2.502700e+000
1.151973929143407e-006	2.500000e+000	2.502666e+000
1.154202500571979e-006	2.500000e+000	2.502624e+000
1.156431072000550e-006	2.500000e+000	2.502575e+000
1.160745357714836e-006	2.500000e+000	2.502452e+000
1.165059643429122e-006	2.500000e+000	2.502311e+000
1.169373929143408e-006	2.500000e+000	2.502150e+000
1.173688214857694e-006	2.500000e+000	2.501970e+000
1.178002500571981e-006	2.500000e+000	2.501770e+000
1.182316786286266e-006	2.500000e+000	2.501551e+000
1.186631072000553e-006	2.500000e+000	2.501313e+000
1.192073929143410e-006	2.500000e+000	2.500994e+000
1.197516786286268e-006	2.500000e+000	2.500680e+000
1.202959643429125e-006	2.500000e+000	2.500370e+000
1.208402500571983e-006	2.500000e+000	2.500066e+000
1.213845357714840e-006	2.500000e+000	2.499766e+000
1.219288214857698e-006	2.500000e+000	2.499470e+000
1.224731072000555e-006	2.500000e+000	2.499180e+000
1.227031072000556e-006	2.500000e+000	2.499068e+000
1.230573929143413e-006	2.500000e+000	2.498904e+000
1.234116786286270e-006	2.500000e+000	2.498753e+000
1.237659643429128e-006	2.500000e+000	2.498614e+000
1.241202500571985e-006	2.500000e+000	2.498489e+000
1.244745357714843e-006	2.500000e+000	2.498376e+000
1.248288214857700e-006	2.500000e+000	2.498276e+000
1.251831072000557e-006	2.500000e+000	2.498189e+000
1.254373929143415e-006	2.500000e+000	2.498137e+000
1.256916786286272e-006	2.500000e+000	2.498092e+000
1.259459643429129e-006	2.500000e+000	2.498055e+000
1.262002500571987e-006	2.500000e+000	2.498026e+000
1.264545357714844e-006	2.500000e+000	2.498004e+000
1.267088214857702e-006	2.500000e+000	2.497990e+000
1.269631072000559e-006	2.500000e+000	2.497983e+000
1.272202500571988e-006	2.500000e+000	2.497985e+000
1.274773929143416e-006	2.500000e+000	2.497994e+000
1.277345357714845e-006	2.500000e+000	2.498009e+000
1.279916786286274e-006	2.500000e+000	2.498032e+000
1.282488214857703e-006	2.500000e+000	2.498062e+000
1.285059643429131e-006	2.500000e+000	2.498099e+000
1.287631072000560e-006	2.500000e+000	2.498143e+000
1.292688214857703e-006	2.500000e+000	2.498253e+000
1.297745357714847e-006	2.500000e+000	2.498378e+000
1.302802500571990e-006	2.500000e+000	2.498518e+000
1.307859643429133e-006	2.500000e+000	2.498673e+000
1.312916786286276e-006	2.500000e+000	2.498843e+000
1.317973929143420e-006	2.500000e+000	2.499027e+000
1.323031072000563e-006	2.500000e+000	2.499227e+000
1.329331072000563e-006	2.500000e+000	2.499471e+000
1.329431072000563e-006	2.500000e+000	2.499475e+000
1.334202500571992e-006	2.500000e+000	2.499667e+000
1.338973929143421e-006	2.500000e+000	2.499852e+000
1.343745357714850e-006	2.500000e+000	2.500028e+000
1.348516786286279e-006	2.500000e+000	2.500198e+000
1.353288214857708e-006	2.500000e+000	2.500360e+000
1.358059643429137e-006	2.500000e+000	2.500514e+000
1.362831072000566e-006	2.500000e+000	2.500661e+000
1.366345357714852e-006	2.500000e+000	2.500757e+000
1.369859643429138e-006	2.500000e+000	2.500845e+000
1.373373929143424e-006	2.500000e+000	2.500924e+000
1.376888214857710e-006	2.500000e+000	2.500994e+000
1.380402500571996e-006	2.500000e+000	2.501055e+000
1.383916786286282e-006	2.500000e+000	2.501106e+000
1.387431072000568e-006	2.500000e+000	2.501149e+000
1.390002500571997e-006	2.500000e+000	2.501174e+000
1.392573929143425e-006	2.500000e+000	2.501194e+000
1.395145357714854e-006	2.500000e+000	2.501208e+000
1.397716786286283e-006	2.500000e+000	2.501218e+000
1.400288214857712e-006	2.500000e+000	2.501222e+000
1.402859643429140e-006	2.500000e+000	2.501222e+000
1.405431072000569e-006	2.500000e+000	2.501216e+000
1.408945357714855e-006	2.500000e+000	2.501199e+000
1.412459643429141e-006	2.500000e+000	2.501175e+000
1.415973929143427e-006	2.500000e+000	2.501143e+000
1.419488214857713e-006	2.500000e+000	2.501103e+000
1.423002500571999e-006	2.500000e+000	2.501056e+000
1.426516786286285e-006	2.500000e+000	2.501000e+000
1.430031072000571e-006	2.500000e+000	2.500937e+000
1.431831072000571e-006	2.500000e+000	2.500903e+000
1.439173929143429e-006	2.500000e+000	2.500736e+000
1.446516786286286e-006	2.500000e+000	2.500564e+000
1.453859643429144e-006	2.500000e+000	2.500389e+000
1.461202500572002e-006	2.500000e+000	2.500210e+000
1.468545357714860e-006	2.500000e+000	2.500028e+000
1.475888214857717e-006	2.500000e+000	2.499841e+000
1.483231072000575e-006	2.500000e+000	2.499651e+000
1.487316786286289e-006	2.500000e+000	2.499559e+000
1.491402500572004e-006	2.500000e+000	2.499473e+000
1.495488214857719e-006	2.500000e+000	2.499395e+000
1.499573929143433e-006	2.500000e+000	2.499323e+000
1.503659643429148e-006	2.500000e+000	2.499258e+000
1.507745357714862e-006	2.500000e+000	2.499201e+000
1.511831072000577e-006	2.500000e+000	2.499150e+000
1.514973929143434e-006	2.500000e+000	2.499118e+000
1.518116786286292e-006	2.500000e+000	2.499090e+000
1.521259643429149e-006	2.500000e+000	2.499068e+000
1.524402500572007e-006	2.500000e+000	2.499051e+000
1.527545357714864e-006	2.500000e+000	2.499039e+000
1.530688214857721e-006	2.500000e+000	2.499032e+000
1.533831072000579e-006	2.500000e+000	2.499030e+000
1.534231072000579e-006	2.500000e+000	2.499030e+000
1.537788214857722e-006	2.500000e+000	2.499036e+000
1.541345357714865e-006	2.500000e+000	2.499046e+000
1.544902500572008e-006	2.500000e+000	2.499063e+000
1.548459643429151e-006	2.500000e+000	2.499084e+000
1.552016786286294e-006	2.500000e+000	2.499112e+000
1.555573929143437e-006	2.500000e+000	2.499145e+000
1.559131072000581e-006	2.500000e+000	2.499183e+000
1.567388214857724e-006	2.500000e+000	2.499301e+000
1.575645357714868e-006	2.500000e+000	2.499423e+000
1.583902500572011e-006	2.500000e+000	2.499550e+000
1.592159643429154e-006	2.500000e+000	2.499682e+000
1.600416786286298e-006	2.500000e+000	2.499818e+000
1.608673929143441e-006	2.500000e+000	2.499959e+000
1.616931072000585e-006	2.500000e+000	2.500104e+000
1.619731072000585e-006	2.500000e+000	2.500147e+000
1.622531072000585e-006	2.500000e+000	2.500187e+000
1.625331072000586e-006	2.500000e+000	2.500225e+000
1.628131072000586e-006	2.500000e+000	2.500261e+000
1.630931072000586e-006	2.500000e+000	2.500295e+000
1.633731072000586e-006	2.500000e+000	2.500328e+000
1.636531072000586e-006	2.500000e+000	2.500358e+000
1.636631072000586e-006	2.500000e+000	2.500359e+000
1.640359643429158e-006	2.500000e+000	2.500395e+000
1.644088214857730e-006	2.500000e+000	2.500426e+000
1.647816786286301e-006	2.500000e+000	2.500453e+000
1.651545357714873e-006	2.500000e+000	2.500475e+000
1.655273929143445e-006	2.500000e+000	2.500492e+000
1.659002500572017e-006	2.500000e+000	2.500504e+000
1.662731072000588e-006	2.500000e+000	2.500512e+000
1.666373929143446e-006	2.500000e+000	2.500515e+000
1.670016786286303e-006	2.500000e+000	2.500513e+000
1.673659643429161e-006	2.500000e+000	2.500508e+000
1.677302500572018e-006	2.500000e+000	2.500498e+000
1.680945357714875e-006	2.500000e+000	2.500484e+000
1.684588214857733e-006	2.500000e+000	2.500466e+000
1.688231072000590e-006	2.500000e+000	2.500444e+000
1.695473929143448e-006	2.500000e+000	2.500386e+000
1.702716786286306e-006	2.500000e+000	2.500322e+000
1.709959643429163e-006	2.500000e+000	2.500253e+000
1.717202500572021e-006	2.500000e+000	2.500178e+000
1.724445357714879e-006	2.500000e+000	2.500098e+000
1.731688214857736e-006	2.500000e+000	2.500013e+000
1.738931072000594e-006	2.500000e+000	2.499923e+000
1.739031072000594e-006	2.500000e+000	2.499922e+000
1.744031072000594e-006	2.500000e+000	2.499864e+000
1.749031072000595e-006	2.500000e+000	2.499811e+000
1.754031072000595e-006	2.500000e+000	2.499761e+000
1.759031072000596e-006	2.500000e+000	2.499714e+000
1.764031072000596e-006	2.500000e+000	2.499672e+000
1.769031072000596e-006	2.500000e+000	2.499633e+000
1.774031072000597e-006	2.500000e+000	2.499599e+000
1.778059643429168e-006	2.500000e+000	2.499575e+000
1.782088214857740e-006	2.500000e+000	2.499556e+000
1.786116786286312e-006	2.500000e+000	2.499540e+000
1.790145357714884e-006	2.500000e+000	2.499528e+000
1.794173929143455e-006	2.500000e+000	2.499519e+000
1.798202500572027e-006	2.500000e+000	2.499514e+000
1.802231072000599e-006	2.500000e+000	2.499513e+000
1.806873929143456e-006	2.500000e+000	2.499516e+000
1.811516786286314e-006	2.500000e+000	2.499524e+000
1.816159643429171e-006	2.500000e+000	2.499536e+000
1.820802500572029e-006	2.500000e+000	2.499551e+000
1.825445357714886e-006	2.500000e+000	2.499571e+000
1.830088214857744e-006	2.500000e+000	2.499594e+000
1.834731072000601e-006	2.500000e+000	2.499622e+000
1.841431072000602e-006	2.500000e+000	2.499665e+000
1.848673929143459e-006	2.500000e+000	2.499721e+000
1.855916786286317e-006	2.500000e+000	2.499776e+000
1.863159643429175e-006	2.500000e+000	2.499830e+000
1.870402500572033e-006	2.500000e+000	2.499884e+000
1.877645357714890e-006	2.500000e+000	2.499937e+000
1.884888214857748e-006	2.500000e+000	2.499990e+000
1.892131072000606e-006	2.500000e+000	2.500042e+000
1.896973929143458e-006	2.500000e+000	2.500071e+000
1.901816786286309e-006	2.500000e+000	2.500098e+000
1.906659643429161e-006	2.500000e+000	2.500121e+000
1.911502500572013e-006	2.500000e+000	2.500141e+000
1.916345357714865e-006	2.500000e+000	2.500158e+000
1.921188214857717e-006	2.500000e+000	2.500171e+000
1.926031072000569e-006	2.500000e+000	2.500181e+000
1.928559643429135e-006	2.500000e+000	2.500185e+000
1.931088214857701e-006	2.500000e+000	2.500188e+000
1.933616786286268e-006	2.500000e+000	2.500189e+000
1.936145357714834e-006	2.500000e+000	2.500190e+000
1.938673929143400e-006	2.500000e+000	2.500190e+000
1.941202500571966e-006	2.500000e+000	2.500189e+000
1.943731072000533e-006	2.500000e+000	2.500187e+000
1.943831072000532e-006	2.500000e+000	2.500187e+000
1.949888214857663e-006	2.500000e+000	2.500177e+000
1.955945357714793e-006	2.500000e+000	2.500164e+000
1.962002500571924e-006	2.500000e+000	2.500147e+000
1.968059643429055e-006	2.500000e+000	2.500126e+000
1.974116786286185e-006	2.500000e+000	2.500102e+000
1.980173929143315e-006	2.500000e+000	2.500075e+000
1.986231072000446e-006	2.500000e+000	2.500044e+000
1.988173929143299e-006	2.500000e+000	2.500034e+000
1.990116786286152e-006	2.500000e+000	2.500024e+000
1.992059643429005e-006	2.500000e+000	2.500014e+000
1.994002500571858e-006	2.500000e+000	2.500003e+000
1.995945357714712e-006	2.500000e+000	2.499993e+000
1.997888214857565e-006	2.500000e+000	2.499983e+000
1.999831072000418e-006	2.500000e+000	2.499973e+000
1.999931072000418e-006	2.500000e+000	2.499972e+000
2.000000000000000e-006	2.500000e+000	2.499972e+000
