vin	Ix(U1:SOURCE)
0.000000000000000e+00	0.000000e+00
1.000000000000000e-02	4.208878e-14
2.000000000000000e-02	8.889220e-14
3.000000000000000e-02	1.412579e-13
4.000000000000000e-02	1.999880e-13
5.000000000000000e-02	2.658255e-13
6.000000000000000e-02	3.394577e-13
7.000000000000001e-02	4.215377e-13
8.000000000000000e-02	5.127228e-13
9.000000000000000e-02	6.137250e-13
9.999999999999999e-02	7.253714e-13
1.100000000000000e-01	8.486707e-13
1.200000000000000e-01	9.848877e-13
1.300000000000000e-01	1.135625e-12
1.400000000000000e-01	1.302919e-12
1.500000000000000e-01	1.489349e-12
1.600000000000000e-01	1.698175e-12
1.700000000000000e-01	1.933500e-12
1.800000000000000e-01	2.200474e-12
1.900000000000000e-01	2.505547e-12
2.000000000000000e-01	2.856781e-12
2.100000000000000e-01	3.264250e-12
2.200000000000001e-01	3.740540e-12
2.300000000000001e-01	4.301376e-12
2.400000000000001e-01	4.966431e-12
2.500000000000001e-01	5.760354e-12
2.600000000000001e-01	6.714072e-12
2.700000000000001e-01	7.866487e-12
2.800000000000001e-01	9.266629e-12
2.900000000000001e-01	1.097645e-11
3.000000000000001e-01	1.307439e-11
3.100000000000001e-01	1.566007e-11
3.200000000000001e-01	1.886024e-11
3.300000000000001e-01	2.283655e-11
3.400000000000001e-01	2.779568e-11
3.500000000000001e-01	3.400235e-11
3.600000000000002e-01	4.179640e-11
3.700000000000002e-01	5.161487e-11
3.800000000000002e-01	6.402089e-11
3.900000000000002e-01	7.974121e-11
4.000000000000002e-01	9.971524e-11
4.100000000000002e-01	1.251590e-10
4.200000000000002e-01	1.576484e-10
4.300000000000002e-01	1.992277e-10
4.400000000000002e-01	2.525509e-10
4.500000000000002e-01	3.210645e-10
4.600000000000002e-01	4.092444e-10
4.700000000000003e-01	5.229001e-10
4.800000000000003e-01	6.695633e-10
4.900000000000003e-01	8.589786e-10
5.000000000000002e-01	1.103716e-09
5.100000000000002e-01	1.419923e-09
5.200000000000002e-01	1.828219e-09
5.300000000000002e-01	2.354734e-09
5.400000000000003e-01	3.032256e-09
5.500000000000003e-01	3.901418e-09
5.600000000000003e-01	5.011807e-09
5.700000000000003e-01	6.422846e-09
5.800000000000003e-01	8.204252e-09
5.900000000000003e-01	1.043589e-08
6.000000000000003e-01	1.320694e-08
6.100000000000003e-01	1.661427e-08
6.200000000000003e-01	2.076034e-08
6.300000000000003e-01	2.575070e-08
6.400000000000003e-01	3.169141e-08
6.500000000000004e-01	3.868674e-08
6.600000000000004e-01	4.683726e-08
6.700000000000004e-01	5.623841e-08
6.800000000000004e-01	6.697956e-08
6.900000000000004e-01	7.914354e-08
7.000000000000004e-01	9.280647e-08
7.100000000000004e-01	1.080379e-07
7.200000000000004e-01	1.249009e-07
7.300000000000004e-01	1.434528e-07
7.400000000000004e-01	1.637452e-07
7.500000000000004e-01	1.858248e-07
7.600000000000005e-01	2.097336e-07
7.700000000000005e-01	2.355092e-07
7.800000000000005e-01	2.631856e-07
7.900000000000005e-01	2.927933e-07
8.000000000000005e-01	3.243596e-07
8.100000000000005e-01	3.579089e-07
8.200000000000005e-01	3.934632e-07
8.300000000000005e-01	4.310422e-07
8.400000000000005e-01	4.706633e-07
8.500000000000005e-01	5.123422e-07
8.600000000000005e-01	5.560927e-07
8.700000000000006e-01	6.019270e-07
8.800000000000006e-01	6.498561e-07
8.900000000000006e-01	6.998895e-07
9.000000000000006e-01	7.520354e-07
9.100000000000006e-01	8.063012e-07
9.200000000000006e-01	8.626930e-07
9.300000000000006e-01	9.212160e-07
9.400000000000006e-01	9.818748e-07
9.500000000000006e-01	1.044673e-06
9.600000000000006e-01	1.109613e-06
9.700000000000006e-01	1.176698e-06
9.800000000000006e-01	1.245929e-06
9.900000000000007e-01	1.317307e-06
1.000000000000001e+00	1.390833e-06
1.010000000000001e+00	1.466506e-06
1.020000000000001e+00	1.544327e-06
1.030000000000001e+00	1.624294e-06
1.040000000000001e+00	1.706405e-06
1.050000000000001e+00	1.790660e-06
1.060000000000001e+00	1.877057e-06
1.070000000000001e+00	1.965592e-06
1.080000000000001e+00	2.056263e-06
1.090000000000001e+00	2.149068e-06
1.100000000000001e+00	2.244003e-06
1.110000000000001e+00	2.341065e-06
1.120000000000001e+00	2.440250e-06
1.130000000000001e+00	2.541554e-06
1.140000000000001e+00	2.644972e-06
1.150000000000001e+00	2.750502e-06
1.160000000000001e+00	2.858138e-06
1.170000000000001e+00	2.967876e-06
1.180000000000001e+00	3.079711e-06
1.190000000000001e+00	3.193638e-06
1.200000000000001e+00	3.309651e-06
1.210000000000001e+00	3.427746e-06
1.220000000000001e+00	3.547918e-06
1.230000000000001e+00	3.670160e-06
1.240000000000001e+00	3.794468e-06
1.250000000000001e+00	3.920836e-06
1.260000000000001e+00	4.049258e-06
1.270000000000001e+00	4.179728e-06
1.280000000000001e+00	4.312240e-06
1.290000000000001e+00	4.446788e-06
1.300000000000001e+00	4.583367e-06
1.310000000000001e+00	4.721970e-06
1.320000000000001e+00	4.862591e-06
1.330000000000001e+00	5.005224e-06
1.340000000000001e+00	5.149862e-06
1.350000000000001e+00	5.296500e-06
1.360000000000001e+00	5.445130e-06
1.370000000000001e+00	5.595747e-06
1.380000000000001e+00	5.748344e-06
1.390000000000001e+00	5.902914e-06
1.400000000000001e+00	6.059452e-06
1.410000000000001e+00	6.217950e-06
1.420000000000001e+00	6.378402e-06
1.430000000000001e+00	6.540802e-06
1.440000000000001e+00	6.705142e-06
1.450000000000001e+00	6.871417e-06
1.460000000000001e+00	7.039620e-06
1.470000000000001e+00	7.209743e-06
1.480000000000001e+00	7.381781e-06
1.490000000000001e+00	7.555726e-06
1.500000000000001e+00	7.731573e-06
1.510000000000001e+00	7.909313e-06
1.520000000000001e+00	8.088942e-06
1.530000000000001e+00	8.270452e-06
1.540000000000001e+00	8.453836e-06
1.550000000000001e+00	8.639087e-06
1.560000000000001e+00	8.826200e-06
1.570000000000001e+00	9.015168e-06
1.580000000000001e+00	9.205984e-06
1.590000000000001e+00	9.398640e-06
1.600000000000001e+00	9.593131e-06
1.610000000000001e+00	9.789450e-06
1.620000000000001e+00	9.987590e-06
1.630000000000001e+00	1.018754e-05
1.640000000000001e+00	1.038931e-05
1.650000000000001e+00	1.059287e-05
1.660000000000001e+00	1.079823e-05
1.670000000000001e+00	1.100538e-05
1.680000000000001e+00	1.121431e-05
1.690000000000001e+00	1.142501e-05
1.700000000000001e+00	1.163748e-05
1.710000000000001e+00	1.185172e-05
1.720000000000001e+00	1.206771e-05
1.730000000000001e+00	1.228545e-05
1.740000000000001e+00	1.250493e-05
1.750000000000001e+00	1.272614e-05
1.760000000000001e+00	1.294909e-05
1.770000000000001e+00	1.317376e-05
1.780000000000001e+00	1.340015e-05
1.790000000000001e+00	1.362825e-05
1.800000000000001e+00	1.385805e-05
1.810000000000001e+00	1.408955e-05
1.820000000000001e+00	1.432274e-05
1.830000000000001e+00	1.455761e-05
1.840000000000001e+00	1.479417e-05
1.850000000000001e+00	1.503239e-05
1.860000000000001e+00	1.527228e-05
1.870000000000001e+00	1.551384e-05
1.880000000000001e+00	1.575704e-05
1.890000000000001e+00	1.600189e-05
1.900000000000001e+00	1.624838e-05
1.910000000000001e+00	1.649651e-05
1.920000000000001e+00	1.674627e-05
1.930000000000001e+00	1.699764e-05
1.940000000000002e+00	1.725064e-05
1.950000000000002e+00	1.750524e-05
1.960000000000002e+00	1.776145e-05
1.970000000000002e+00	1.801926e-05
1.980000000000002e+00	1.827866e-05
1.990000000000002e+00	1.853964e-05
2.000000000000001e+00	1.880220e-05
2.010000000000001e+00	1.906634e-05
2.020000000000001e+00	1.933204e-05
2.030000000000001e+00	1.959931e-05
2.040000000000000e+00	1.986813e-05
2.050000000000000e+00	2.013850e-05
2.060000000000000e+00	2.041042e-05
2.070000000000000e+00	2.068387e-05
2.080000000000000e+00	2.095885e-05
2.089999999999999e+00	2.123536e-05
2.099999999999999e+00	2.151340e-05
2.109999999999999e+00	2.179294e-05
2.119999999999999e+00	2.207399e-05
2.129999999999999e+00	2.235655e-05
2.139999999999998e+00	2.264061e-05
2.149999999999998e+00	2.292615e-05
2.159999999999998e+00	2.321318e-05
2.169999999999998e+00	2.350169e-05
2.179999999999997e+00	2.379168e-05
2.189999999999997e+00	2.408313e-05
2.199999999999997e+00	2.437605e-05
2.209999999999997e+00	2.467042e-05
2.219999999999997e+00	2.496624e-05
2.229999999999996e+00	2.526352e-05
2.239999999999996e+00	2.556223e-05
2.249999999999996e+00	2.586237e-05
2.259999999999996e+00	2.616395e-05
2.269999999999996e+00	2.646695e-05
2.279999999999995e+00	2.677136e-05
2.289999999999995e+00	2.707719e-05
2.299999999999995e+00	2.738443e-05
2.309999999999995e+00	2.769307e-05
2.319999999999995e+00	2.800311e-05
2.329999999999994e+00	2.831453e-05
2.339999999999994e+00	2.862734e-05
2.349999999999994e+00	2.894154e-05
2.359999999999994e+00	2.925711e-05
2.369999999999993e+00	2.957404e-05
2.379999999999993e+00	2.989234e-05
2.389999999999993e+00	3.021201e-05
2.399999999999993e+00	3.053302e-05
2.409999999999993e+00	3.085538e-05
2.419999999999992e+00	3.117909e-05
2.429999999999992e+00	3.150414e-05
2.439999999999992e+00	3.183051e-05
2.449999999999992e+00	3.215822e-05
2.459999999999992e+00	3.248725e-05
2.469999999999991e+00	3.281759e-05
2.479999999999991e+00	3.314925e-05
2.489999999999991e+00	3.348222e-05
2.499999999999991e+00	3.381648e-05
2.509999999999990e+00	3.415205e-05
2.519999999999990e+00	3.448890e-05
2.529999999999990e+00	3.482705e-05
2.539999999999990e+00	3.516648e-05
2.549999999999990e+00	3.550718e-05
2.559999999999989e+00	3.584916e-05
2.569999999999989e+00	3.619240e-05
2.579999999999989e+00	3.653691e-05
2.589999999999989e+00	3.688267e-05
2.599999999999989e+00	3.722969e-05
2.609999999999988e+00	3.757795e-05
2.619999999999988e+00	3.792745e-05
2.629999999999988e+00	3.827820e-05
2.639999999999988e+00	3.863018e-05
2.649999999999987e+00	3.898338e-05
2.659999999999987e+00	3.933781e-05
2.669999999999987e+00	3.969346e-05
2.679999999999987e+00	4.005033e-05
2.689999999999987e+00	4.040840e-05
2.699999999999986e+00	4.076768e-05
2.709999999999986e+00	4.112815e-05
2.719999999999986e+00	4.148983e-05
2.729999999999986e+00	4.185269e-05
2.739999999999986e+00	4.221674e-05
2.749999999999985e+00	4.258198e-05
2.759999999999985e+00	4.294838e-05
2.769999999999985e+00	4.331597e-05
2.779999999999985e+00	4.368472e-05
2.789999999999984e+00	4.405463e-05
2.799999999999984e+00	4.442570e-05
2.809999999999984e+00	4.479793e-05
2.819999999999984e+00	4.517131e-05
2.829999999999984e+00	4.554583e-05
2.839999999999983e+00	4.592149e-05
2.849999999999983e+00	4.629829e-05
2.859999999999983e+00	4.667622e-05
2.869999999999983e+00	4.705528e-05
2.879999999999983e+00	4.743547e-05
2.889999999999982e+00	4.781677e-05
2.899999999999982e+00	4.819918e-05
2.909999999999982e+00	4.858271e-05
2.919999999999982e+00	4.896735e-05
2.929999999999982e+00	4.935308e-05
2.939999999999981e+00	4.973992e-05
2.949999999999981e+00	5.012784e-05
2.959999999999981e+00	5.051686e-05
2.969999999999981e+00	5.090696e-05
2.979999999999980e+00	5.129814e-05
2.989999999999980e+00	5.169040e-05
2.999999999999980e+00	5.208372e-05
3.009999999999980e+00	5.247812e-05
3.019999999999980e+00	5.287358e-05
3.029999999999979e+00	5.327011e-05
3.039999999999979e+00	5.366769e-05
3.049999999999979e+00	5.406631e-05
3.059999999999979e+00	5.446599e-05
3.069999999999979e+00	5.486671e-05
3.079999999999978e+00	5.526847e-05
3.089999999999978e+00	5.567127e-05
3.099999999999978e+00	5.607509e-05
3.109999999999978e+00	5.647994e-05
3.119999999999977e+00	5.688582e-05
3.129999999999977e+00	5.729272e-05
3.139999999999977e+00	5.770063e-05
3.149999999999977e+00	5.810956e-05
3.159999999999977e+00	5.851949e-05
3.169999999999976e+00	5.893043e-05
3.179999999999976e+00	5.934236e-05
3.189999999999976e+00	5.975529e-05
3.199999999999976e+00	6.016922e-05
3.209999999999976e+00	6.058413e-05
3.219999999999975e+00	6.100002e-05
3.229999999999975e+00	6.141690e-05
3.239999999999975e+00	6.183476e-05
3.249999999999975e+00	6.225359e-05
3.259999999999974e+00	6.267338e-05
3.269999999999974e+00	6.309415e-05
3.279999999999974e+00	6.351587e-05
3.289999999999974e+00	6.393855e-05
3.299999999999974e+00	6.436220e-05
3.309999999999973e+00	6.478679e-05
3.319999999999973e+00	6.521232e-05
3.329999999999973e+00	6.563880e-05
3.339999999999973e+00	6.606622e-05
3.349999999999973e+00	6.649457e-05
3.359999999999972e+00	6.692386e-05
3.369999999999972e+00	6.735408e-05
3.379999999999972e+00	6.778522e-05
3.389999999999972e+00	6.821728e-05
3.399999999999971e+00	6.865027e-05
3.409999999999971e+00	6.908416e-05
3.419999999999971e+00	6.951897e-05
3.429999999999971e+00	6.995469e-05
3.439999999999971e+00	7.039131e-05
3.449999999999970e+00	7.082884e-05
3.459999999999970e+00	7.126725e-05
3.469999999999970e+00	7.170656e-05
3.479999999999970e+00	7.214677e-05
3.489999999999970e+00	7.258786e-05
3.499999999999969e+00	7.302983e-05
3.509999999999969e+00	7.347268e-05
3.519999999999969e+00	7.391641e-05
3.529999999999969e+00	7.436101e-05
3.539999999999969e+00	7.480648e-05
3.549999999999968e+00	7.525282e-05
3.559999999999968e+00	7.570002e-05
3.569999999999968e+00	7.614809e-05
3.579999999999968e+00	7.659701e-05
3.589999999999967e+00	7.704678e-05
3.599999999999967e+00	7.749740e-05
3.609999999999967e+00	7.794887e-05
3.619999999999967e+00	7.840118e-05
3.629999999999967e+00	7.885433e-05
3.639999999999966e+00	7.930832e-05
3.649999999999966e+00	7.976314e-05
3.659999999999966e+00	8.021880e-05
3.669999999999966e+00	8.067528e-05
3.679999999999966e+00	8.113258e-05
3.689999999999965e+00	8.159071e-05
3.699999999999965e+00	8.204965e-05
3.709999999999965e+00	8.250941e-05
3.719999999999965e+00	8.296998e-05
3.729999999999964e+00	8.343135e-05
3.739999999999964e+00	8.389354e-05
3.749999999999964e+00	8.435653e-05
3.759999999999964e+00	8.482031e-05
3.769999999999964e+00	8.528489e-05
3.779999999999963e+00	8.575026e-05
3.789999999999963e+00	8.621642e-05
3.799999999999963e+00	8.668337e-05
3.809999999999963e+00	8.715111e-05
3.819999999999963e+00	8.761962e-05
3.829999999999962e+00	8.808891e-05
3.839999999999962e+00	8.855898e-05
3.849999999999962e+00	8.902982e-05
3.859999999999962e+00	8.950142e-05
3.869999999999961e+00	8.997379e-05
3.879999999999961e+00	9.044693e-05
3.889999999999961e+00	9.092082e-05
3.899999999999961e+00	9.139548e-05
3.909999999999961e+00	9.187088e-05
3.919999999999960e+00	9.234704e-05
3.929999999999960e+00	9.282395e-05
3.939999999999960e+00	9.330160e-05
3.949999999999960e+00	9.377999e-05
3.959999999999960e+00	9.425912e-05
3.969999999999959e+00	9.473899e-05
3.979999999999959e+00	9.521959e-05
3.989999999999959e+00	9.570093e-05
3.999999999999959e+00	9.618299e-05
4.009999999999959e+00	9.666578e-05
4.019999999999959e+00	9.714929e-05
4.029999999999959e+00	9.763352e-05
4.039999999999958e+00	9.811847e-05
4.049999999999958e+00	9.860413e-05
4.059999999999958e+00	9.909051e-05
4.069999999999958e+00	9.957759e-05
4.079999999999957e+00	1.000654e-04
4.089999999999957e+00	1.005539e-04
4.099999999999957e+00	1.010431e-04
4.109999999999957e+00	1.015330e-04
4.119999999999957e+00	1.020235e-04
4.129999999999956e+00	1.025148e-04
4.139999999999956e+00	1.030068e-04
4.149999999999956e+00	1.034994e-04
4.159999999999956e+00	1.039928e-04
4.169999999999956e+00	1.044868e-04
4.179999999999955e+00	1.049815e-04
4.189999999999955e+00	1.054769e-04
4.199999999999955e+00	1.059729e-04
4.209999999999955e+00	1.064697e-04
4.219999999999954e+00	1.069671e-04
4.229999999999954e+00	1.074651e-04
4.239999999999954e+00	1.079639e-04
4.249999999999954e+00	1.084632e-04
4.259999999999954e+00	1.089633e-04
4.269999999999953e+00	1.094640e-04
4.279999999999953e+00	1.099653e-04
4.289999999999953e+00	1.104673e-04
4.299999999999953e+00	1.109700e-04
4.309999999999953e+00	1.114733e-04
4.319999999999952e+00	1.119772e-04
4.329999999999952e+00	1.124818e-04
4.339999999999952e+00	1.129870e-04
4.349999999999952e+00	1.134929e-04
4.359999999999951e+00	1.139994e-04
4.369999999999951e+00	1.145065e-04
4.379999999999951e+00	1.150143e-04
4.389999999999951e+00	1.155226e-04
4.399999999999951e+00	1.160317e-04
4.409999999999950e+00	1.165413e-04
4.419999999999950e+00	1.170515e-04
4.429999999999950e+00	1.175624e-04
4.439999999999950e+00	1.180739e-04
4.449999999999950e+00	1.185859e-04
4.459999999999949e+00	1.190986e-04
4.469999999999949e+00	1.196119e-04
4.479999999999949e+00	1.201258e-04
4.489999999999949e+00	1.206404e-04
4.499999999999948e+00	1.211555e-04
4.509999999999948e+00	1.216712e-04
4.519999999999948e+00	1.221875e-04
4.529999999999948e+00	1.227044e-04
4.539999999999948e+00	1.232219e-04
4.549999999999947e+00	1.237400e-04
4.559999999999947e+00	1.242586e-04
4.569999999999947e+00	1.247779e-04
4.579999999999947e+00	1.252977e-04
4.589999999999947e+00	1.258181e-04
4.599999999999946e+00	1.263391e-04
4.609999999999946e+00	1.268607e-04
4.619999999999946e+00	1.273828e-04
4.629999999999946e+00	1.279055e-04
4.639999999999946e+00	1.284288e-04
4.649999999999945e+00	1.289526e-04
4.659999999999945e+00	1.294770e-04
4.669999999999945e+00	1.300020e-04
4.679999999999945e+00	1.305275e-04
4.689999999999944e+00	1.310536e-04
4.699999999999944e+00	1.315802e-04
4.709999999999944e+00	1.321074e-04
4.719999999999944e+00	1.326352e-04
4.729999999999944e+00	1.331635e-04
4.739999999999943e+00	1.336923e-04
4.749999999999943e+00	1.342217e-04
4.759999999999943e+00	1.347516e-04
4.769999999999943e+00	1.352821e-04
4.779999999999943e+00	1.358131e-04
4.789999999999942e+00	1.363446e-04
4.799999999999942e+00	1.368767e-04
4.809999999999942e+00	1.374093e-04
4.819999999999942e+00	1.379425e-04
4.829999999999941e+00	1.384761e-04
4.839999999999941e+00	1.390103e-04
4.849999999999941e+00	1.395450e-04
4.859999999999941e+00	1.400803e-04
4.869999999999941e+00	1.406160e-04
4.879999999999940e+00	1.411523e-04
4.889999999999940e+00	1.416891e-04
4.899999999999940e+00	1.422264e-04
4.909999999999940e+00	1.427642e-04
4.919999999999940e+00	1.433025e-04
4.929999999999939e+00	1.438414e-04
4.939999999999939e+00	1.443807e-04
4.949999999999939e+00	1.449206e-04
4.959999999999939e+00	1.454609e-04
4.969999999999938e+00	1.460017e-04
4.979999999999938e+00	1.465431e-04
4.989999999999938e+00	1.470849e-04
5.000000000000000e+00	1.476273e-04
