vin	Ix(U2:GND)
0.000000000000000e+00	6.137076e-14
1.000000000000000e-02	7.579022e-14
2.000000000000000e-02	9.371264e-14
3.000000000000000e-02	1.160127e-13
4.000000000000000e-02	1.437887e-13
5.000000000000000e-02	1.784210e-13
6.000000000000000e-02	2.216457e-13
7.000000000000001e-02	2.756483e-13
8.000000000000000e-02	3.431821e-13
9.000000000000000e-02	4.277188e-13
9.999999999999999e-02	5.336395e-13
1.100000000000000e-01	6.664768e-13
1.200000000000000e-01	8.332232e-13
1.300000000000000e-01	1.042723e-12
1.400000000000000e-01	1.306173e-12
1.500000000000000e-01	1.637752e-12
1.600000000000000e-01	2.055440e-12
1.700000000000000e-01	2.582041e-12
1.800000000000000e-01	3.246509e-12
1.900000000000000e-01	4.085622e-12
2.000000000000000e-01	5.146140e-12
2.100000000000000e-01	6.487544e-12
2.200000000000001e-01	8.185555e-12
2.300000000000001e-01	1.033663e-11
2.400000000000001e-01	1.306371e-11
2.500000000000001e-01	1.652363e-11
2.600000000000001e-01	2.091652e-11
2.700000000000001e-01	2.649800e-11
2.800000000000001e-01	3.359468e-11
2.900000000000001e-01	4.262418e-11
3.000000000000001e-01	5.412076e-11
3.100000000000001e-01	6.876829e-11
3.200000000000001e-01	8.744260e-11
3.300000000000001e-01	1.112659e-10
3.400000000000001e-01	1.416769e-10
3.500000000000001e-01	1.805205e-10
3.600000000000002e-01	2.301637e-10
3.700000000000002e-01	2.936444e-10
3.800000000000002e-01	3.748619e-10
3.900000000000002e-01	4.788225e-10
4.000000000000002e-01	6.119533e-10
4.100000000000002e-01	7.825045e-10
4.200000000000002e-01	1.001063e-09
4.300000000000002e-01	1.281207e-09
4.400000000000002e-01	1.640332e-09
4.500000000000002e-01	2.100699e-09
4.600000000000002e-01	2.690741e-09
4.700000000000003e-01	3.446685e-09
4.800000000000003e-01	4.414540e-09
4.900000000000003e-01	5.652484e-09
5.000000000000002e-01	7.233691e-09
5.100000000000002e-01	9.249556e-09
5.200000000000002e-01	1.181325e-08
5.300000000000002e-01	1.506342e-08
5.400000000000003e-01	1.916779e-08
5.500000000000003e-01	2.432614e-08
5.600000000000003e-01	3.077232e-08
5.700000000000003e-01	3.877464e-08
5.800000000000003e-01	4.863427e-08
5.900000000000003e-01	6.068147e-08
6.000000000000003e-01	7.526967e-08
6.100000000000003e-01	9.276822e-08
6.200000000000003e-01	1.135540e-07
6.300000000000003e-01	1.380033e-07
6.400000000000003e-01	1.664845e-07
6.500000000000004e-01	1.993517e-07
6.600000000000004e-01	2.369403e-07
6.700000000000004e-01	2.795638e-07
6.800000000000004e-01	3.275123e-07
6.900000000000004e-01	3.810516e-07
7.000000000000004e-01	4.404239e-07
7.100000000000004e-01	5.058480e-07
7.200000000000004e-01	5.775216e-07
7.300000000000004e-01	6.556215e-07
7.400000000000004e-01	7.403062e-07
7.500000000000004e-01	8.317168e-07
7.600000000000005e-01	9.299786e-07
7.700000000000005e-01	1.035203e-06
7.800000000000005e-01	1.147489e-06
7.900000000000005e-01	1.266921e-06
8.000000000000005e-01	1.393578e-06
8.100000000000005e-01	1.527524e-06
8.200000000000005e-01	1.668818e-06
8.300000000000005e-01	1.817509e-06
8.400000000000005e-01	1.973640e-06
8.500000000000005e-01	2.137247e-06
8.600000000000005e-01	2.308361e-06
8.700000000000006e-01	2.487005e-06
8.800000000000006e-01	2.673200e-06
8.900000000000006e-01	2.866962e-06
9.000000000000006e-01	3.068301e-06
9.100000000000006e-01	3.277226e-06
9.200000000000006e-01	3.493740e-06
9.300000000000006e-01	3.717844e-06
9.400000000000006e-01	3.949537e-06
9.500000000000006e-01	4.188814e-06
9.600000000000006e-01	4.435669e-06
9.700000000000006e-01	4.690091e-06
9.800000000000006e-01	4.952071e-06
9.900000000000007e-01	5.221595e-06
1.000000000000001e+00	5.498649e-06
1.010000000000001e+00	5.783216e-06
1.020000000000001e+00	6.075280e-06
1.030000000000001e+00	6.374820e-06
1.040000000000001e+00	6.681818e-06
1.050000000000001e+00	6.996253e-06
1.060000000000001e+00	7.318102e-06
1.070000000000001e+00	7.647344e-06
1.080000000000001e+00	7.983955e-06
1.090000000000001e+00	8.327909e-06
1.100000000000001e+00	8.679184e-06
1.110000000000001e+00	9.037753e-06
1.120000000000001e+00	9.403593e-06
1.130000000000001e+00	9.776674e-06
1.140000000000001e+00	1.015697e-05
1.150000000000001e+00	1.054446e-05
1.160000000000001e+00	1.093911e-05
1.170000000000001e+00	1.134090e-05
1.180000000000001e+00	1.174980e-05
1.190000000000001e+00	1.216577e-05
1.200000000000001e+00	1.258880e-05
1.210000000000001e+00	1.301885e-05
1.220000000000001e+00	1.345590e-05
1.230000000000001e+00	1.389992e-05
1.240000000000001e+00	1.435088e-05
1.250000000000001e+00	1.480875e-05
1.260000000000001e+00	1.527350e-05
1.270000000000001e+00	1.574511e-05
1.280000000000001e+00	1.622354e-05
1.290000000000001e+00	1.670877e-05
1.300000000000001e+00	1.720077e-05
1.310000000000001e+00	1.769951e-05
1.320000000000001e+00	1.820496e-05
1.330000000000001e+00	1.871709e-05
1.340000000000001e+00	1.923587e-05
1.350000000000001e+00	1.976128e-05
1.360000000000001e+00	2.029329e-05
1.370000000000001e+00	2.083185e-05
1.380000000000001e+00	2.137696e-05
1.390000000000001e+00	2.192858e-05
1.400000000000001e+00	2.248667e-05
1.410000000000001e+00	2.305121e-05
1.420000000000001e+00	2.362217e-05
1.430000000000001e+00	2.419953e-05
1.440000000000001e+00	2.478325e-05
1.450000000000001e+00	2.537330e-05
1.460000000000001e+00	2.596965e-05
1.470000000000001e+00	2.657228e-05
1.480000000000001e+00	2.718116e-05
1.490000000000001e+00	2.779625e-05
1.500000000000001e+00	2.841753e-05
1.510000000000001e+00	2.904497e-05
1.520000000000001e+00	2.967854e-05
1.530000000000001e+00	3.031821e-05
1.540000000000001e+00	3.096395e-05
1.550000000000001e+00	3.161573e-05
1.560000000000001e+00	3.227353e-05
1.570000000000001e+00	3.293731e-05
1.580000000000001e+00	3.360704e-05
1.590000000000001e+00	3.428271e-05
1.600000000000001e+00	3.496427e-05
1.610000000000001e+00	3.565170e-05
1.620000000000001e+00	3.634497e-05
1.630000000000001e+00	3.704405e-05
1.640000000000001e+00	3.774891e-05
1.650000000000001e+00	3.845953e-05
1.660000000000001e+00	3.917588e-05
1.670000000000001e+00	3.989792e-05
1.680000000000001e+00	4.062563e-05
1.690000000000001e+00	4.135898e-05
1.700000000000001e+00	4.209794e-05
1.710000000000001e+00	4.284248e-05
1.720000000000001e+00	4.359258e-05
1.730000000000001e+00	4.434821e-05
1.740000000000001e+00	4.510934e-05
1.750000000000001e+00	4.587594e-05
1.760000000000001e+00	4.664798e-05
1.770000000000001e+00	4.742543e-05
1.780000000000001e+00	4.820828e-05
1.790000000000001e+00	4.899648e-05
1.800000000000001e+00	4.979002e-05
1.810000000000001e+00	5.058886e-05
1.820000000000001e+00	5.139298e-05
1.830000000000001e+00	5.220235e-05
1.840000000000001e+00	5.301694e-05
1.850000000000001e+00	5.383673e-05
1.860000000000001e+00	5.466168e-05
1.870000000000001e+00	5.549178e-05
1.880000000000001e+00	5.632699e-05
1.890000000000001e+00	5.716729e-05
1.900000000000001e+00	5.801265e-05
1.910000000000001e+00	5.886305e-05
1.920000000000001e+00	5.971845e-05
1.930000000000001e+00	6.057883e-05
1.940000000000002e+00	6.144417e-05
1.950000000000002e+00	6.231444e-05
1.960000000000002e+00	6.318960e-05
1.970000000000002e+00	6.406965e-05
1.980000000000002e+00	6.495454e-05
1.990000000000002e+00	6.584426e-05
2.000000000000001e+00	6.673878e-05
2.010000000000001e+00	6.763807e-05
2.020000000000001e+00	6.854210e-05
2.030000000000001e+00	6.945086e-05
2.040000000000000e+00	7.036432e-05
2.050000000000000e+00	7.128245e-05
2.060000000000000e+00	7.220522e-05
2.070000000000000e+00	7.313261e-05
2.080000000000000e+00	7.406461e-05
2.089999999999999e+00	7.500117e-05
2.099999999999999e+00	7.594227e-05
2.109999999999999e+00	7.688790e-05
2.119999999999999e+00	7.783803e-05
2.129999999999999e+00	7.879262e-05
2.139999999999998e+00	7.975167e-05
2.149999999999998e+00	8.071514e-05
2.159999999999998e+00	8.168300e-05
2.169999999999998e+00	8.265525e-05
2.179999999999997e+00	8.363184e-05
2.189999999999997e+00	8.461277e-05
2.199999999999997e+00	8.559799e-05
2.209999999999997e+00	8.658750e-05
2.219999999999997e+00	8.758126e-05
2.229999999999996e+00	8.857926e-05
2.239999999999996e+00	8.958147e-05
2.249999999999996e+00	9.058786e-05
2.259999999999996e+00	9.159842e-05
2.269999999999996e+00	9.261312e-05
2.279999999999995e+00	9.363193e-05
2.289999999999995e+00	9.465485e-05
2.299999999999995e+00	9.568183e-05
2.309999999999995e+00	9.671286e-05
2.319999999999995e+00	9.774791e-05
2.329999999999994e+00	9.878698e-05
2.339999999999994e+00	9.983002e-05
2.349999999999994e+00	1.008770e-04
2.359999999999994e+00	1.019280e-04
2.369999999999993e+00	1.029828e-04
2.379999999999993e+00	1.040416e-04
2.389999999999993e+00	1.051042e-04
2.399999999999993e+00	1.061707e-04
2.409999999999993e+00	1.072410e-04
2.419999999999992e+00	1.083151e-04
2.429999999999992e+00	1.093930e-04
2.439999999999992e+00	1.104747e-04
2.449999999999992e+00	1.115601e-04
2.459999999999992e+00	1.126492e-04
2.469999999999991e+00	1.137420e-04
2.479999999999991e+00	1.148385e-04
2.489999999999991e+00	1.159387e-04
2.499999999999991e+00	1.170425e-04
2.509999999999990e+00	1.181499e-04
2.519999999999990e+00	1.192610e-04
2.529999999999990e+00	1.203756e-04
2.539999999999990e+00	1.214937e-04
2.549999999999990e+00	1.226154e-04
2.559999999999989e+00	1.237406e-04
2.569999999999989e+00	1.248693e-04
2.579999999999989e+00	1.260015e-04
2.589999999999989e+00	1.271371e-04
2.599999999999989e+00	1.282762e-04
2.609999999999988e+00	1.294187e-04
2.619999999999988e+00	1.305646e-04
2.629999999999988e+00	1.317139e-04
2.639999999999988e+00	1.328665e-04
2.649999999999987e+00	1.340225e-04
2.659999999999987e+00	1.351818e-04
2.669999999999987e+00	1.363444e-04
2.679999999999987e+00	1.375102e-04
2.689999999999987e+00	1.386794e-04
2.699999999999986e+00	1.398518e-04
2.709999999999986e+00	1.410274e-04
2.719999999999986e+00	1.422062e-04
2.729999999999986e+00	1.433882e-04
2.739999999999986e+00	1.445734e-04
2.749999999999985e+00	1.457617e-04
2.759999999999985e+00	1.469531e-04
2.769999999999985e+00	1.481477e-04
2.779999999999985e+00	1.493454e-04
2.789999999999984e+00	1.505461e-04
2.799999999999984e+00	1.517500e-04
2.809999999999984e+00	1.529568e-04
2.819999999999984e+00	1.541667e-04
2.829999999999984e+00	1.553796e-04
2.839999999999983e+00	1.565955e-04
2.849999999999983e+00	1.578143e-04
2.859999999999983e+00	1.590361e-04
2.869999999999983e+00	1.602609e-04
2.879999999999983e+00	1.614886e-04
2.889999999999982e+00	1.627191e-04
2.899999999999982e+00	1.639526e-04
2.909999999999982e+00	1.651889e-04
2.919999999999982e+00	1.664281e-04
2.929999999999982e+00	1.676701e-04
2.939999999999981e+00	1.689150e-04
2.949999999999981e+00	1.701626e-04
2.959999999999981e+00	1.714130e-04
2.969999999999981e+00	1.726662e-04
2.979999999999980e+00	1.739222e-04
2.989999999999980e+00	1.751809e-04
2.999999999999980e+00	1.764423e-04
3.009999999999980e+00	1.777064e-04
3.019999999999980e+00	1.789732e-04
3.029999999999979e+00	1.802427e-04
3.039999999999979e+00	1.815148e-04
3.049999999999979e+00	1.827896e-04
3.059999999999979e+00	1.840670e-04
3.069999999999979e+00	1.853470e-04
3.079999999999978e+00	1.866296e-04
3.089999999999978e+00	1.879147e-04
3.099999999999978e+00	1.892025e-04
3.109999999999978e+00	1.904928e-04
3.119999999999977e+00	1.917856e-04
3.129999999999977e+00	1.930809e-04
3.139999999999977e+00	1.943788e-04
3.149999999999977e+00	1.956791e-04
3.159999999999977e+00	1.969819e-04
3.169999999999976e+00	1.982871e-04
3.179999999999976e+00	1.995948e-04
3.189999999999976e+00	2.009049e-04
3.199999999999976e+00	2.022174e-04
3.209999999999976e+00	2.035324e-04
3.219999999999975e+00	2.048497e-04
3.229999999999975e+00	2.061694e-04
3.239999999999975e+00	2.074914e-04
3.249999999999975e+00	2.088158e-04
3.259999999999974e+00	2.101425e-04
3.269999999999974e+00	2.114715e-04
3.279999999999974e+00	2.128028e-04
3.289999999999974e+00	2.141364e-04
3.299999999999974e+00	2.154722e-04
3.309999999999973e+00	2.168103e-04
3.319999999999973e+00	2.181507e-04
3.329999999999973e+00	2.194933e-04
3.339999999999973e+00	2.208380e-04
3.349999999999973e+00	2.221850e-04
3.359999999999972e+00	2.235342e-04
3.369999999999972e+00	2.248856e-04
3.379999999999972e+00	2.262391e-04
3.389999999999972e+00	2.275947e-04
3.399999999999971e+00	2.289525e-04
3.409999999999971e+00	2.303124e-04
3.419999999999971e+00	2.316744e-04
3.429999999999971e+00	2.330385e-04
3.439999999999971e+00	2.344047e-04
3.449999999999970e+00	2.357730e-04
3.459999999999970e+00	2.371432e-04
3.469999999999970e+00	2.385156e-04
3.479999999999970e+00	2.398900e-04
3.489999999999970e+00	2.412663e-04
3.499999999999969e+00	2.426447e-04
3.509999999999969e+00	2.440251e-04
3.519999999999969e+00	2.454075e-04
3.529999999999969e+00	2.467918e-04
3.539999999999969e+00	2.481781e-04
3.549999999999968e+00	2.495663e-04
3.559999999999968e+00	2.509564e-04
3.569999999999968e+00	2.523485e-04
3.579999999999968e+00	2.537424e-04
3.589999999999967e+00	2.551383e-04
3.599999999999967e+00	2.565360e-04
3.609999999999967e+00	2.579356e-04
3.619999999999967e+00	2.593370e-04
3.629999999999967e+00	2.607403e-04
3.639999999999966e+00	2.621454e-04
3.649999999999966e+00	2.635524e-04
3.659999999999966e+00	2.649611e-04
3.669999999999966e+00	2.663716e-04
3.679999999999966e+00	2.677840e-04
3.689999999999965e+00	2.691981e-04
3.699999999999965e+00	2.706139e-04
3.709999999999965e+00	2.720316e-04
3.719999999999965e+00	2.734509e-04
3.729999999999964e+00	2.748720e-04
3.739999999999964e+00	2.762947e-04
3.749999999999964e+00	2.777192e-04
3.759999999999964e+00	2.791454e-04
3.769999999999964e+00	2.805733e-04
3.779999999999963e+00	2.820028e-04
3.789999999999963e+00	2.834340e-04
3.799999999999963e+00	2.848669e-04
3.809999999999963e+00	2.863014e-04
3.819999999999963e+00	2.877375e-04
3.829999999999962e+00	2.891752e-04
3.839999999999962e+00	2.906145e-04
3.849999999999962e+00	2.920555e-04
3.859999999999962e+00	2.934980e-04
3.869999999999961e+00	2.949421e-04
3.879999999999961e+00	2.963877e-04
3.889999999999961e+00	2.978349e-04
3.899999999999961e+00	2.992837e-04
3.909999999999961e+00	3.007339e-04
3.919999999999960e+00	3.021857e-04
3.929999999999960e+00	3.036390e-04
3.939999999999960e+00	3.050938e-04
3.949999999999960e+00	3.065501e-04
3.959999999999960e+00	3.080079e-04
3.969999999999959e+00	3.094672e-04
3.979999999999959e+00	3.109279e-04
3.989999999999959e+00	3.123900e-04
3.999999999999959e+00	3.138536e-04
4.009999999999959e+00	3.153187e-04
4.019999999999959e+00	3.167851e-04
4.029999999999959e+00	3.182530e-04
4.039999999999958e+00	3.197222e-04
4.049999999999958e+00	3.211929e-04
4.059999999999958e+00	3.226649e-04
4.069999999999958e+00	3.241383e-04
4.079999999999957e+00	3.256131e-04
4.089999999999957e+00	3.270892e-04
4.099999999999957e+00	3.285667e-04
4.109999999999957e+00	3.300455e-04
4.119999999999957e+00	3.315256e-04
4.129999999999956e+00	3.330070e-04
4.139999999999956e+00	3.344898e-04
4.149999999999956e+00	3.359738e-04
4.159999999999956e+00	3.374592e-04
4.169999999999956e+00	3.389458e-04
4.179999999999955e+00	3.404336e-04
4.189999999999955e+00	3.419228e-04
4.199999999999955e+00	3.434132e-04
4.209999999999955e+00	3.449048e-04
4.219999999999954e+00	3.463977e-04
4.229999999999954e+00	3.478918e-04
4.239999999999954e+00	3.493871e-04
4.249999999999954e+00	3.508836e-04
4.259999999999954e+00	3.523813e-04
4.269999999999953e+00	3.538802e-04
4.279999999999953e+00	3.553803e-04
4.289999999999953e+00	3.568815e-04
4.299999999999953e+00	3.583839e-04
4.309999999999953e+00	3.598875e-04
4.319999999999952e+00	3.613922e-04
4.329999999999952e+00	3.628980e-04
4.339999999999952e+00	3.644050e-04
4.349999999999952e+00	3.659131e-04
4.359999999999951e+00	3.674224e-04
4.369999999999951e+00	3.689327e-04
4.379999999999951e+00	3.704441e-04
4.389999999999951e+00	3.719566e-04
4.399999999999951e+00	3.734702e-04
4.409999999999950e+00	3.749848e-04
4.419999999999950e+00	3.765005e-04
4.429999999999950e+00	3.780173e-04
4.439999999999950e+00	3.795351e-04
4.449999999999950e+00	3.810539e-04
4.459999999999949e+00	3.825738e-04
4.469999999999949e+00	3.840947e-04
4.479999999999949e+00	3.856166e-04
4.489999999999949e+00	3.871396e-04
4.499999999999948e+00	3.886635e-04
4.509999999999948e+00	3.901884e-04
4.519999999999948e+00	3.917143e-04
4.529999999999948e+00	3.932412e-04
4.539999999999948e+00	3.947690e-04
4.549999999999947e+00	3.962979e-04
4.559999999999947e+00	3.978276e-04
4.569999999999947e+00	3.993583e-04
4.579999999999947e+00	4.008900e-04
4.589999999999947e+00	4.024225e-04
4.599999999999946e+00	4.039560e-04
4.609999999999946e+00	4.054905e-04
4.619999999999946e+00	4.070258e-04
4.629999999999946e+00	4.085620e-04
4.639999999999946e+00	4.100991e-04
4.649999999999945e+00	4.116371e-04
4.659999999999945e+00	4.131760e-04
4.669999999999945e+00	4.147157e-04
4.679999999999945e+00	4.162563e-04
4.689999999999944e+00	4.177978e-04
4.699999999999944e+00	4.193402e-04
4.709999999999944e+00	4.208833e-04
4.719999999999944e+00	4.224273e-04
4.729999999999944e+00	4.239721e-04
4.739999999999943e+00	4.255178e-04
4.749999999999943e+00	4.270643e-04
4.759999999999943e+00	4.286115e-04
4.769999999999943e+00	4.301596e-04
4.779999999999943e+00	4.317085e-04
4.789999999999942e+00	4.332582e-04
4.799999999999942e+00	4.348086e-04
4.809999999999942e+00	4.363598e-04
4.819999999999942e+00	4.379118e-04
4.829999999999941e+00	4.394645e-04
4.839999999999941e+00	4.410180e-04
4.849999999999941e+00	4.425723e-04
4.859999999999941e+00	4.441272e-04
4.869999999999941e+00	4.456830e-04
4.879999999999940e+00	4.472394e-04
4.889999999999940e+00	4.487965e-04
4.899999999999940e+00	4.503544e-04
4.909999999999940e+00	4.519130e-04
4.919999999999940e+00	4.534723e-04
4.929999999999939e+00	4.550323e-04
4.939999999999939e+00	4.565930e-04
4.949999999999939e+00	4.581543e-04
4.959999999999939e+00	4.597164e-04
4.969999999999938e+00	4.612791e-04
4.979999999999938e+00	4.628424e-04
4.989999999999938e+00	4.644064e-04
5.000000000000000e+00	4.659711e-04
