vin	Ix(U1:SOURCE)
0.000000000000000e+00	1.476274e-04
1.000000000000000e-02	1.476039e-04
2.000000000000000e-02	1.475804e-04
3.000000000000000e-02	1.475569e-04
4.000000000000000e-02	1.475332e-04
5.000000000000000e-02	1.475096e-04
6.000000000000000e-02	1.474858e-04
7.000000000000001e-02	1.474620e-04
8.000000000000000e-02	1.474381e-04
9.000000000000000e-02	1.474141e-04
9.999999999999999e-02	1.473900e-04
1.100000000000000e-01	1.473659e-04
1.200000000000000e-01	1.473417e-04
1.300000000000000e-01	1.473174e-04
1.400000000000000e-01	1.472931e-04
1.500000000000000e-01	1.472687e-04
1.600000000000000e-01	1.472442e-04
1.700000000000000e-01	1.472196e-04
1.800000000000000e-01	1.471949e-04
1.900000000000000e-01	1.471702e-04
2.000000000000000e-01	1.471453e-04
2.100000000000000e-01	1.471204e-04
2.200000000000001e-01	1.470955e-04
2.300000000000001e-01	1.470704e-04
2.400000000000001e-01	1.470453e-04
2.500000000000001e-01	1.470200e-04
2.600000000000001e-01	1.469947e-04
2.700000000000001e-01	1.469693e-04
2.800000000000001e-01	1.469439e-04
2.900000000000001e-01	1.469183e-04
3.000000000000001e-01	1.468927e-04
3.100000000000001e-01	1.468670e-04
3.200000000000001e-01	1.468411e-04
3.300000000000001e-01	1.468152e-04
3.400000000000001e-01	1.467893e-04
3.500000000000001e-01	1.467632e-04
3.600000000000002e-01	1.467370e-04
3.700000000000002e-01	1.467108e-04
3.800000000000002e-01	1.466845e-04
3.900000000000002e-01	1.466580e-04
4.000000000000002e-01	1.466315e-04
4.100000000000002e-01	1.466049e-04
4.200000000000002e-01	1.465782e-04
4.300000000000002e-01	1.465515e-04
4.400000000000002e-01	1.465246e-04
4.500000000000002e-01	1.464976e-04
4.600000000000002e-01	1.464706e-04
4.700000000000003e-01	1.464434e-04
4.800000000000003e-01	1.464162e-04
4.900000000000003e-01	1.463888e-04
5.000000000000002e-01	1.463614e-04
5.100000000000002e-01	1.463339e-04
5.200000000000002e-01	1.463063e-04
5.300000000000002e-01	1.462785e-04
5.400000000000003e-01	1.462507e-04
5.500000000000003e-01	1.462228e-04
5.600000000000003e-01	1.461948e-04
5.700000000000003e-01	1.461667e-04
5.800000000000003e-01	1.461385e-04
5.900000000000003e-01	1.461102e-04
6.000000000000003e-01	1.460818e-04
6.100000000000003e-01	1.460533e-04
6.200000000000003e-01	1.460246e-04
6.300000000000003e-01	1.459959e-04
6.400000000000003e-01	1.459671e-04
6.500000000000004e-01	1.459382e-04
6.600000000000004e-01	1.459092e-04
6.700000000000004e-01	1.458801e-04
6.800000000000004e-01	1.458508e-04
6.900000000000004e-01	1.458215e-04
7.000000000000004e-01	1.457921e-04
7.100000000000004e-01	1.457625e-04
7.200000000000004e-01	1.457329e-04
7.300000000000004e-01	1.457031e-04
7.400000000000004e-01	1.456732e-04
7.500000000000004e-01	1.456433e-04
7.600000000000005e-01	1.456132e-04
7.700000000000005e-01	1.455830e-04
7.800000000000005e-01	1.455527e-04
7.900000000000005e-01	1.455223e-04
8.000000000000005e-01	1.454918e-04
8.100000000000005e-01	1.454612e-04
8.200000000000005e-01	1.454304e-04
8.300000000000005e-01	1.453996e-04
8.400000000000005e-01	1.453686e-04
8.500000000000005e-01	1.453376e-04
8.600000000000005e-01	1.453064e-04
8.700000000000006e-01	1.452751e-04
8.800000000000006e-01	1.452437e-04
8.900000000000006e-01	1.452122e-04
9.000000000000006e-01	1.451805e-04
9.100000000000006e-01	1.451488e-04
9.200000000000006e-01	1.451169e-04
9.300000000000006e-01	1.450849e-04
9.400000000000006e-01	1.450528e-04
9.500000000000006e-01	1.450206e-04
9.600000000000006e-01	1.449883e-04
9.700000000000006e-01	1.449558e-04
9.800000000000006e-01	1.449232e-04
9.900000000000007e-01	1.448906e-04
1.000000000000001e+00	1.448577e-04
1.010000000000001e+00	1.448248e-04
1.020000000000001e+00	1.447917e-04
1.030000000000001e+00	1.447586e-04
1.040000000000001e+00	1.447252e-04
1.050000000000001e+00	1.446918e-04
1.060000000000001e+00	1.446582e-04
1.070000000000001e+00	1.446245e-04
1.080000000000001e+00	1.445906e-04
1.090000000000001e+00	1.445565e-04
1.100000000000001e+00	1.445223e-04
1.110000000000001e+00	1.444879e-04
1.120000000000001e+00	1.444533e-04
1.130000000000001e+00	1.444184e-04
1.140000000000001e+00	1.443833e-04
1.150000000000001e+00	1.443478e-04
1.160000000000001e+00	1.443120e-04
1.170000000000001e+00	1.442759e-04
1.180000000000001e+00	1.442394e-04
1.190000000000001e+00	1.442025e-04
1.200000000000001e+00	1.441651e-04
1.210000000000001e+00	1.441273e-04
1.220000000000001e+00	1.440890e-04
1.230000000000001e+00	1.440502e-04
1.240000000000001e+00	1.440109e-04
1.250000000000001e+00	1.439711e-04
1.260000000000001e+00	1.439307e-04
1.270000000000001e+00	1.438898e-04
1.280000000000001e+00	1.438483e-04
1.290000000000001e+00	1.438061e-04
1.300000000000001e+00	1.437634e-04
1.310000000000001e+00	1.437201e-04
1.320000000000001e+00	1.436761e-04
1.330000000000001e+00	1.436314e-04
1.340000000000001e+00	1.435860e-04
1.350000000000001e+00	1.435400e-04
1.360000000000001e+00	1.434932e-04
1.370000000000001e+00	1.434457e-04
1.380000000000001e+00	1.433974e-04
1.390000000000001e+00	1.433483e-04
1.400000000000001e+00	1.432984e-04
1.410000000000001e+00	1.432476e-04
1.420000000000001e+00	1.431960e-04
1.430000000000001e+00	1.431435e-04
1.440000000000001e+00	1.430900e-04
1.450000000000001e+00	1.430356e-04
1.460000000000001e+00	1.429802e-04
1.470000000000001e+00	1.429238e-04
1.480000000000001e+00	1.428663e-04
1.490000000000001e+00	1.428078e-04
1.500000000000001e+00	1.427481e-04
1.510000000000001e+00	1.426872e-04
1.520000000000001e+00	1.426252e-04
1.530000000000001e+00	1.425620e-04
1.540000000000001e+00	1.424975e-04
1.550000000000001e+00	1.424317e-04
1.560000000000001e+00	1.423646e-04
1.570000000000001e+00	1.422962e-04
1.580000000000001e+00	1.422264e-04
1.590000000000001e+00	1.421551e-04
1.600000000000001e+00	1.420824e-04
1.610000000000001e+00	1.420082e-04
1.620000000000001e+00	1.419325e-04
1.630000000000001e+00	1.418553e-04
1.640000000000001e+00	1.417765e-04
1.650000000000001e+00	1.416961e-04
1.660000000000001e+00	1.416140e-04
1.670000000000001e+00	1.415303e-04
1.680000000000001e+00	1.414450e-04
1.690000000000001e+00	1.413579e-04
1.700000000000001e+00	1.412691e-04
1.710000000000001e+00	1.411786e-04
1.720000000000001e+00	1.410862e-04
1.730000000000001e+00	1.409921e-04
1.740000000000001e+00	1.408962e-04
1.750000000000001e+00	1.407984e-04
1.760000000000001e+00	1.406988e-04
1.770000000000001e+00	1.405974e-04
1.780000000000001e+00	1.404940e-04
1.790000000000001e+00	1.403887e-04
1.800000000000001e+00	1.402816e-04
1.810000000000001e+00	1.401724e-04
1.820000000000001e+00	1.400614e-04
1.830000000000001e+00	1.399484e-04
1.840000000000001e+00	1.398334e-04
1.850000000000001e+00	1.397164e-04
1.860000000000001e+00	1.395975e-04
1.870000000000001e+00	1.394765e-04
1.880000000000001e+00	1.393535e-04
1.890000000000001e+00	1.392285e-04
1.900000000000001e+00	1.391015e-04
1.910000000000001e+00	1.389725e-04
1.920000000000001e+00	1.388414e-04
1.930000000000001e+00	1.387082e-04
1.940000000000002e+00	1.385730e-04
1.950000000000002e+00	1.384356e-04
1.960000000000002e+00	1.382963e-04
1.970000000000002e+00	1.381548e-04
1.980000000000002e+00	1.380113e-04
1.990000000000002e+00	1.378656e-04
2.000000000000001e+00	1.377179e-04
2.010000000000001e+00	1.375681e-04
2.020000000000001e+00	1.374162e-04
2.030000000000001e+00	1.372621e-04
2.040000000000000e+00	1.371059e-04
2.050000000000000e+00	1.369477e-04
2.060000000000000e+00	1.367873e-04
2.070000000000000e+00	1.366247e-04
2.080000000000000e+00	1.364601e-04
2.089999999999999e+00	1.362933e-04
2.099999999999999e+00	1.361244e-04
2.109999999999999e+00	1.359534e-04
2.119999999999999e+00	1.357802e-04
2.129999999999999e+00	1.356049e-04
2.139999999999998e+00	1.354274e-04
2.149999999999998e+00	1.352478e-04
2.159999999999998e+00	1.350661e-04
2.169999999999998e+00	1.348822e-04
2.179999999999997e+00	1.346961e-04
2.189999999999997e+00	1.345080e-04
2.199999999999997e+00	1.343176e-04
2.209999999999997e+00	1.341251e-04
2.219999999999997e+00	1.339305e-04
2.229999999999996e+00	1.337337e-04
2.239999999999996e+00	1.335348e-04
2.249999999999996e+00	1.333337e-04
2.259999999999996e+00	1.331305e-04
2.269999999999996e+00	1.329251e-04
2.279999999999995e+00	1.327176e-04
2.289999999999995e+00	1.325078e-04
2.299999999999995e+00	1.322960e-04
2.309999999999995e+00	1.320820e-04
2.319999999999995e+00	1.318658e-04
2.329999999999994e+00	1.316475e-04
2.339999999999994e+00	1.314271e-04
2.349999999999994e+00	1.312044e-04
2.359999999999994e+00	1.309797e-04
2.369999999999993e+00	1.307527e-04
2.379999999999993e+00	1.305237e-04
2.389999999999993e+00	1.302924e-04
2.399999999999993e+00	1.300591e-04
2.409999999999993e+00	1.298235e-04
2.419999999999992e+00	1.295858e-04
2.429999999999992e+00	1.293460e-04
2.439999999999992e+00	1.291040e-04
2.449999999999992e+00	1.288599e-04
2.459999999999992e+00	1.286136e-04
2.469999999999991e+00	1.283652e-04
2.479999999999991e+00	1.281146e-04
2.489999999999991e+00	1.278619e-04
2.499999999999991e+00	1.276070e-04
2.509999999999990e+00	1.273500e-04
2.519999999999990e+00	1.270909e-04
2.529999999999990e+00	1.268296e-04
2.539999999999990e+00	1.265661e-04
2.549999999999990e+00	1.263005e-04
2.559999999999989e+00	1.260328e-04
2.569999999999989e+00	1.257630e-04
2.579999999999989e+00	1.254910e-04
2.589999999999989e+00	1.252168e-04
2.599999999999989e+00	1.249406e-04
2.609999999999988e+00	1.246622e-04
2.619999999999988e+00	1.243816e-04
2.629999999999988e+00	1.240990e-04
2.639999999999988e+00	1.238142e-04
2.649999999999987e+00	1.235272e-04
2.659999999999987e+00	1.232382e-04
2.669999999999987e+00	1.229470e-04
2.679999999999987e+00	1.226537e-04
2.689999999999987e+00	1.223582e-04
2.699999999999986e+00	1.220606e-04
2.709999999999986e+00	1.217609e-04
2.719999999999986e+00	1.214591e-04
2.729999999999986e+00	1.211552e-04
2.739999999999986e+00	1.208492e-04
2.749999999999985e+00	1.205410e-04
2.759999999999985e+00	1.202307e-04
2.769999999999985e+00	1.199183e-04
2.779999999999985e+00	1.196038e-04
2.789999999999984e+00	1.192871e-04
2.799999999999984e+00	1.189684e-04
2.809999999999984e+00	1.186475e-04
2.819999999999984e+00	1.183246e-04
2.829999999999984e+00	1.179995e-04
2.839999999999983e+00	1.176723e-04
2.849999999999983e+00	1.173431e-04
2.859999999999983e+00	1.170117e-04
2.869999999999983e+00	1.166782e-04
2.879999999999983e+00	1.163426e-04
2.889999999999982e+00	1.160049e-04
2.899999999999982e+00	1.156651e-04
2.909999999999982e+00	1.153232e-04
2.919999999999982e+00	1.149792e-04
2.929999999999982e+00	1.146332e-04
2.939999999999981e+00	1.142850e-04
2.949999999999981e+00	1.139347e-04
2.959999999999981e+00	1.135824e-04
2.969999999999981e+00	1.132280e-04
2.979999999999980e+00	1.128714e-04
2.989999999999980e+00	1.125128e-04
2.999999999999980e+00	1.121521e-04
3.009999999999980e+00	1.117893e-04
3.019999999999980e+00	1.114245e-04
3.029999999999979e+00	1.110576e-04
3.039999999999979e+00	1.106885e-04
3.049999999999979e+00	1.103174e-04
3.059999999999979e+00	1.099443e-04
3.069999999999979e+00	1.095690e-04
3.079999999999978e+00	1.091917e-04
3.089999999999978e+00	1.088123e-04
3.099999999999978e+00	1.084309e-04
3.109999999999978e+00	1.080473e-04
3.119999999999977e+00	1.076617e-04
3.129999999999977e+00	1.072741e-04
3.139999999999977e+00	1.068844e-04
3.149999999999977e+00	1.064926e-04
3.159999999999977e+00	1.060987e-04
3.169999999999976e+00	1.057028e-04
3.179999999999976e+00	1.053049e-04
3.189999999999976e+00	1.049048e-04
3.199999999999976e+00	1.045028e-04
3.209999999999976e+00	1.040986e-04
3.219999999999975e+00	1.036924e-04
3.229999999999975e+00	1.032842e-04
3.239999999999975e+00	1.028739e-04
3.249999999999975e+00	1.024616e-04
3.259999999999974e+00	1.020472e-04
3.269999999999974e+00	1.016308e-04
3.279999999999974e+00	1.012123e-04
3.289999999999974e+00	1.007918e-04
3.299999999999974e+00	1.003693e-04
3.309999999999973e+00	9.994467e-05
3.319999999999973e+00	9.951804e-05
3.329999999999973e+00	9.908937e-05
3.339999999999973e+00	9.865867e-05
3.349999999999973e+00	9.822594e-05
3.359999999999972e+00	9.779117e-05
3.369999999999972e+00	9.735437e-05
3.379999999999972e+00	9.691554e-05
3.389999999999972e+00	9.647469e-05
3.399999999999971e+00	9.603181e-05
3.409999999999971e+00	9.558690e-05
3.419999999999971e+00	9.513997e-05
3.429999999999971e+00	9.469102e-05
3.439999999999971e+00	9.424005e-05
3.449999999999970e+00	9.378706e-05
3.459999999999970e+00	9.333205e-05
3.469999999999970e+00	9.287502e-05
3.479999999999970e+00	9.241598e-05
3.489999999999970e+00	9.195492e-05
3.499999999999969e+00	9.149186e-05
3.509999999999969e+00	9.102678e-05
3.519999999999969e+00	9.055969e-05
3.529999999999969e+00	9.009059e-05
3.539999999999969e+00	8.961949e-05
3.549999999999968e+00	8.914638e-05
3.559999999999968e+00	8.867127e-05
3.569999999999968e+00	8.819416e-05
3.579999999999968e+00	8.771504e-05
3.589999999999967e+00	8.723393e-05
3.599999999999967e+00	8.675081e-05
3.609999999999967e+00	8.626570e-05
3.619999999999967e+00	8.577860e-05
3.629999999999967e+00	8.528950e-05
3.639999999999966e+00	8.479841e-05
3.649999999999966e+00	8.430533e-05
3.659999999999966e+00	8.381026e-05
3.669999999999966e+00	8.331320e-05
3.679999999999966e+00	8.281415e-05
3.689999999999965e+00	8.231312e-05
3.699999999999965e+00	8.181010e-05
3.709999999999965e+00	8.130510e-05
3.719999999999965e+00	8.079812e-05
3.729999999999964e+00	8.028915e-05
3.739999999999964e+00	7.977821e-05
3.749999999999964e+00	7.926529e-05
3.759999999999964e+00	7.875040e-05
3.769999999999964e+00	7.823353e-05
3.779999999999963e+00	7.771469e-05
3.789999999999963e+00	7.719387e-05
3.799999999999963e+00	7.667109e-05
3.809999999999963e+00	7.614633e-05
3.819999999999963e+00	7.561961e-05
3.829999999999962e+00	7.509092e-05
3.839999999999962e+00	7.456027e-05
3.849999999999962e+00	7.402764e-05
3.859999999999962e+00	7.349307e-05
3.869999999999961e+00	7.295652e-05
3.879999999999961e+00	7.241802e-05
3.889999999999961e+00	7.187756e-05
3.899999999999961e+00	7.133513e-05
3.909999999999961e+00	7.079076e-05
3.919999999999960e+00	7.024443e-05
3.929999999999960e+00	6.969614e-05
3.939999999999960e+00	6.914591e-05
3.949999999999960e+00	6.859372e-05
3.959999999999960e+00	6.803958e-05
3.969999999999959e+00	6.748350e-05
3.979999999999959e+00	6.692547e-05
3.989999999999959e+00	6.636549e-05
3.999999999999959e+00	6.580356e-05
4.009999999999959e+00	6.523970e-05
4.019999999999959e+00	6.467389e-05
4.029999999999959e+00	6.410614e-05
4.039999999999958e+00	6.353646e-05
4.049999999999958e+00	6.296483e-05
4.059999999999958e+00	6.239126e-05
4.069999999999958e+00	6.181576e-05
4.079999999999957e+00	6.123834e-05
4.089999999999957e+00	6.065897e-05
4.099999999999957e+00	6.007767e-05
4.109999999999957e+00	5.949444e-05
4.119999999999957e+00	5.890929e-05
4.129999999999956e+00	5.832220e-05
4.139999999999956e+00	5.773319e-05
4.149999999999956e+00	5.714225e-05
4.159999999999956e+00	5.654939e-05
4.169999999999956e+00	5.595460e-05
4.179999999999955e+00	5.535789e-05
4.189999999999955e+00	5.475926e-05
4.199999999999955e+00	5.415872e-05
4.209999999999955e+00	5.355625e-05
4.219999999999954e+00	5.295187e-05
4.229999999999954e+00	5.234557e-05
4.239999999999954e+00	5.173736e-05
4.249999999999954e+00	5.112723e-05
4.259999999999954e+00	5.051519e-05
4.269999999999953e+00	4.990124e-05
4.279999999999953e+00	4.928538e-05
4.289999999999953e+00	4.866761e-05
4.299999999999953e+00	4.804794e-05
4.309999999999953e+00	4.742635e-05
4.319999999999952e+00	4.680287e-05
4.329999999999952e+00	4.617748e-05
4.339999999999952e+00	4.555018e-05
4.349999999999952e+00	4.492099e-05
4.359999999999951e+00	4.428989e-05
4.369999999999951e+00	4.365690e-05
4.379999999999951e+00	4.302200e-05
4.389999999999951e+00	4.238521e-05
4.399999999999951e+00	4.174653e-05
4.409999999999950e+00	4.110595e-05
4.419999999999950e+00	4.046348e-05
4.429999999999950e+00	3.981911e-05
4.439999999999950e+00	3.917286e-05
4.449999999999950e+00	3.852471e-05
4.459999999999949e+00	3.787468e-05
4.469999999999949e+00	3.722276e-05
4.479999999999949e+00	3.656895e-05
4.489999999999949e+00	3.591325e-05
4.499999999999948e+00	3.525567e-05
4.509999999999948e+00	3.459621e-05
4.519999999999948e+00	3.393487e-05
4.529999999999948e+00	3.327165e-05
4.539999999999948e+00	3.260655e-05
4.549999999999947e+00	3.193957e-05
4.559999999999947e+00	3.127071e-05
4.569999999999947e+00	3.059997e-05
4.579999999999947e+00	2.992737e-05
4.589999999999947e+00	2.925289e-05
4.599999999999946e+00	2.857653e-05
4.609999999999946e+00	2.789830e-05
4.619999999999946e+00	2.721821e-05
4.629999999999946e+00	2.653624e-05
4.639999999999946e+00	2.585241e-05
4.649999999999945e+00	2.516670e-05
4.659999999999945e+00	2.447914e-05
4.669999999999945e+00	2.378971e-05
4.679999999999945e+00	2.309841e-05
4.689999999999944e+00	2.240525e-05
4.699999999999944e+00	2.171023e-05
4.709999999999944e+00	2.101335e-05
4.719999999999944e+00	2.031462e-05
4.729999999999944e+00	1.961402e-05
4.739999999999943e+00	1.891157e-05
4.749999999999943e+00	1.820726e-05
4.759999999999943e+00	1.750110e-05
4.769999999999943e+00	1.679308e-05
4.779999999999943e+00	1.608321e-05
4.789999999999942e+00	1.537149e-05
4.799999999999942e+00	1.465792e-05
4.809999999999942e+00	1.394251e-05
4.819999999999942e+00	1.322524e-05
4.829999999999941e+00	1.250613e-05
4.839999999999941e+00	1.178518e-05
4.849999999999941e+00	1.106238e-05
4.859999999999941e+00	1.033773e-05
4.869999999999941e+00	9.611235e-06
4.879999999999940e+00	8.882890e-06
4.889999999999940e+00	8.152694e-06
4.899999999999940e+00	7.420648e-06
4.909999999999940e+00	6.686748e-06
4.919999999999940e+00	5.950996e-06
4.929999999999939e+00	5.213392e-06
4.939999999999939e+00	4.473941e-06
4.949999999999939e+00	3.732654e-06
4.959999999999939e+00	2.989551e-06
4.969999999999938e+00	2.244669e-06
4.979999999999938e+00	1.498061e-06
4.989999999999938e+00	7.498069e-07
5.000000000000000e+00	2.435064e-12
