vin	Ix(U1:SOURCE)
0.000000000000000e+00	8.951933e-08
1.000000000000000e-02	8.948206e-08
2.000000000000000e-02	8.944475e-08
3.000000000000000e-02	8.940742e-08
4.000000000000000e-02	8.937005e-08
5.000000000000000e-02	8.933265e-08
6.000000000000000e-02	8.929522e-08
7.000000000000001e-02	8.925775e-08
8.000000000000000e-02	8.922025e-08
9.000000000000000e-02	8.918272e-08
9.999999999999999e-02	8.914515e-08
1.100000000000000e-01	8.910755e-08
1.200000000000000e-01	8.906991e-08
1.300000000000000e-01	8.903224e-08
1.400000000000000e-01	8.899454e-08
1.500000000000000e-01	8.895680e-08
1.600000000000000e-01	8.891903e-08
1.700000000000000e-01	8.888122e-08
1.800000000000000e-01	8.884339e-08
1.900000000000000e-01	8.880551e-08
2.000000000000000e-01	8.876760e-08
2.100000000000000e-01	8.872966e-08
2.200000000000001e-01	8.869168e-08
2.300000000000001e-01	8.865366e-08
2.400000000000001e-01	8.861561e-08
2.500000000000001e-01	8.857754e-08
2.600000000000001e-01	8.853942e-08
2.700000000000001e-01	8.850126e-08
2.800000000000001e-01	8.846308e-08
2.900000000000001e-01	8.842485e-08
3.000000000000001e-01	8.838659e-08
3.100000000000001e-01	8.834829e-08
3.200000000000001e-01	8.830997e-08
3.300000000000001e-01	8.827160e-08
3.400000000000001e-01	8.823320e-08
3.500000000000001e-01	8.819476e-08
3.600000000000002e-01	8.815628e-08
3.700000000000002e-01	8.811777e-08
3.800000000000002e-01	8.807923e-08
3.900000000000002e-01	8.804065e-08
4.000000000000002e-01	8.800203e-08
4.100000000000002e-01	8.796337e-08
4.200000000000002e-01	8.792468e-08
4.300000000000002e-01	8.788595e-08
4.400000000000002e-01	8.784719e-08
4.500000000000002e-01	8.780839e-08
4.600000000000002e-01	8.776955e-08
4.700000000000003e-01	8.773067e-08
4.800000000000003e-01	8.769176e-08
4.900000000000003e-01	8.765281e-08
5.000000000000002e-01	8.761382e-08
5.100000000000002e-01	8.757480e-08
5.200000000000002e-01	8.753573e-08
5.300000000000002e-01	8.749664e-08
5.400000000000003e-01	8.745750e-08
5.500000000000003e-01	8.741832e-08
5.600000000000003e-01	8.737911e-08
5.700000000000003e-01	8.733986e-08
5.800000000000003e-01	8.730057e-08
5.900000000000003e-01	8.726124e-08
6.000000000000003e-01	8.722187e-08
6.100000000000003e-01	8.718247e-08
6.200000000000003e-01	8.714303e-08
6.300000000000003e-01	8.710354e-08
6.400000000000003e-01	8.706402e-08
6.500000000000004e-01	8.702447e-08
6.600000000000004e-01	8.698487e-08
6.700000000000004e-01	8.694523e-08
6.800000000000004e-01	8.690555e-08
6.900000000000004e-01	8.686584e-08
7.000000000000004e-01	8.682608e-08
7.100000000000004e-01	8.678629e-08
7.200000000000004e-01	8.674645e-08
7.300000000000004e-01	8.670658e-08
7.400000000000004e-01	8.666667e-08
7.500000000000004e-01	8.662671e-08
7.600000000000005e-01	8.658672e-08
7.700000000000005e-01	8.654668e-08
7.800000000000005e-01	8.650661e-08
7.900000000000005e-01	8.646649e-08
8.000000000000005e-01	8.642634e-08
8.100000000000005e-01	8.638614e-08
8.200000000000005e-01	8.634591e-08
8.300000000000005e-01	8.630563e-08
8.400000000000005e-01	8.626532e-08
8.500000000000005e-01	8.622495e-08
8.600000000000005e-01	8.618456e-08
8.700000000000006e-01	8.614411e-08
8.800000000000006e-01	8.610363e-08
8.900000000000006e-01	8.606310e-08
9.000000000000006e-01	8.602254e-08
9.100000000000006e-01	8.598193e-08
9.200000000000006e-01	8.594128e-08
9.300000000000006e-01	8.590059e-08
9.400000000000006e-01	8.585985e-08
9.500000000000006e-01	8.581907e-08
9.600000000000006e-01	8.577826e-08
9.700000000000006e-01	8.573740e-08
9.800000000000006e-01	8.569649e-08
9.900000000000007e-01	8.565555e-08
1.000000000000001e+00	8.561456e-08
1.010000000000001e+00	8.557353e-08
1.020000000000001e+00	8.553245e-08
1.030000000000001e+00	8.549133e-08
1.040000000000001e+00	8.545017e-08
1.050000000000001e+00	8.540896e-08
1.060000000000001e+00	8.536772e-08
1.070000000000001e+00	8.532642e-08
1.080000000000001e+00	8.528508e-08
1.090000000000001e+00	8.524371e-08
1.100000000000001e+00	8.520227e-08
1.110000000000001e+00	8.516081e-08
1.120000000000001e+00	8.511930e-08
1.130000000000001e+00	8.507774e-08
1.140000000000001e+00	8.503613e-08
1.150000000000001e+00	8.499448e-08
1.160000000000001e+00	8.495279e-08
1.170000000000001e+00	8.491105e-08
1.180000000000001e+00	8.486927e-08
1.190000000000001e+00	8.482744e-08
1.200000000000001e+00	8.478557e-08
1.210000000000001e+00	8.474365e-08
1.220000000000001e+00	8.470168e-08
1.230000000000001e+00	8.465967e-08
1.240000000000001e+00	8.461762e-08
1.250000000000001e+00	8.457551e-08
1.260000000000001e+00	8.453336e-08
1.270000000000001e+00	8.449116e-08
1.280000000000001e+00	8.444892e-08
1.290000000000001e+00	8.440663e-08
1.300000000000001e+00	8.436430e-08
1.310000000000001e+00	8.432191e-08
1.320000000000001e+00	8.427948e-08
1.330000000000001e+00	8.423700e-08
1.340000000000001e+00	8.419448e-08
1.350000000000001e+00	8.415191e-08
1.360000000000001e+00	8.410928e-08
1.370000000000001e+00	8.406661e-08
1.380000000000001e+00	8.402390e-08
1.390000000000001e+00	8.398113e-08
1.400000000000001e+00	8.393832e-08
1.410000000000001e+00	8.389546e-08
1.420000000000001e+00	8.385255e-08
1.430000000000001e+00	8.380959e-08
1.440000000000001e+00	8.376658e-08
1.450000000000001e+00	8.372352e-08
1.460000000000001e+00	8.368041e-08
1.470000000000001e+00	8.363725e-08
1.480000000000001e+00	8.359405e-08
1.490000000000001e+00	8.355079e-08
1.500000000000001e+00	8.350749e-08
1.510000000000001e+00	8.346413e-08
1.520000000000001e+00	8.342072e-08
1.530000000000001e+00	8.337727e-08
1.540000000000001e+00	8.333376e-08
1.550000000000001e+00	8.329020e-08
1.560000000000001e+00	8.324660e-08
1.570000000000001e+00	8.320293e-08
1.580000000000001e+00	8.315922e-08
1.590000000000001e+00	8.311546e-08
1.600000000000001e+00	8.307165e-08
1.610000000000001e+00	8.302778e-08
1.620000000000001e+00	8.298386e-08
1.630000000000001e+00	8.293989e-08
1.640000000000001e+00	8.289587e-08
1.650000000000001e+00	8.285179e-08
1.660000000000001e+00	8.280767e-08
1.670000000000001e+00	8.276348e-08
1.680000000000001e+00	8.271925e-08
1.690000000000001e+00	8.267497e-08
1.700000000000001e+00	8.263063e-08
1.710000000000001e+00	8.258623e-08
1.720000000000001e+00	8.254178e-08
1.730000000000001e+00	8.249728e-08
1.740000000000001e+00	8.245273e-08
1.750000000000001e+00	8.240812e-08
1.760000000000001e+00	8.236346e-08
1.770000000000001e+00	8.231873e-08
1.780000000000001e+00	8.227396e-08
1.790000000000001e+00	8.222914e-08
1.800000000000001e+00	8.218425e-08
1.810000000000001e+00	8.213931e-08
1.820000000000001e+00	8.209432e-08
1.830000000000001e+00	8.204927e-08
1.840000000000001e+00	8.200416e-08
1.850000000000001e+00	8.195899e-08
1.860000000000001e+00	8.191378e-08
1.870000000000001e+00	8.186850e-08
1.880000000000001e+00	8.182317e-08
1.890000000000001e+00	8.177778e-08
1.900000000000001e+00	8.173234e-08
1.910000000000001e+00	8.168684e-08
1.920000000000001e+00	8.164127e-08
1.930000000000001e+00	8.159565e-08
1.940000000000002e+00	8.154998e-08
1.950000000000002e+00	8.150424e-08
1.960000000000002e+00	8.145845e-08
1.970000000000002e+00	8.141259e-08
1.980000000000002e+00	8.136669e-08
1.990000000000002e+00	8.132071e-08
2.000000000000001e+00	8.127468e-08
2.010000000000001e+00	8.122860e-08
2.020000000000001e+00	8.118245e-08
2.030000000000001e+00	8.113624e-08
2.040000000000000e+00	8.108997e-08
2.050000000000000e+00	8.104364e-08
2.060000000000000e+00	8.099725e-08
2.070000000000000e+00	8.095081e-08
2.080000000000000e+00	8.090429e-08
2.089999999999999e+00	8.085772e-08
2.099999999999999e+00	8.081108e-08
2.109999999999999e+00	8.076439e-08
2.119999999999999e+00	8.071763e-08
2.129999999999999e+00	8.067082e-08
2.139999999999998e+00	8.062393e-08
2.149999999999998e+00	8.057699e-08
2.159999999999998e+00	8.052998e-08
2.169999999999998e+00	8.048291e-08
2.179999999999997e+00	8.043578e-08
2.189999999999997e+00	8.038858e-08
2.199999999999997e+00	8.034132e-08
2.209999999999997e+00	8.029399e-08
2.219999999999997e+00	8.024661e-08
2.229999999999996e+00	8.019915e-08
2.239999999999996e+00	8.015164e-08
2.249999999999996e+00	8.010405e-08
2.259999999999996e+00	8.005640e-08
2.269999999999996e+00	8.000869e-08
2.279999999999995e+00	7.996091e-08
2.289999999999995e+00	7.991306e-08
2.299999999999995e+00	7.986515e-08
2.309999999999995e+00	7.981717e-08
2.319999999999995e+00	7.976912e-08
2.329999999999994e+00	7.972101e-08
2.339999999999994e+00	7.967283e-08
2.349999999999994e+00	7.962458e-08
2.359999999999994e+00	7.957627e-08
2.369999999999993e+00	7.952788e-08
2.379999999999993e+00	7.947943e-08
2.389999999999993e+00	7.943090e-08
2.399999999999993e+00	7.938232e-08
2.409999999999993e+00	7.933366e-08
2.419999999999992e+00	7.928492e-08
2.429999999999992e+00	7.923613e-08
2.439999999999992e+00	7.918726e-08
2.449999999999992e+00	7.913832e-08
2.459999999999992e+00	7.908931e-08
2.469999999999991e+00	7.904023e-08
2.479999999999991e+00	7.899107e-08
2.489999999999991e+00	7.894185e-08
2.499999999999991e+00	7.889255e-08
2.509999999999990e+00	7.884319e-08
2.519999999999990e+00	7.879375e-08
2.529999999999990e+00	7.874423e-08
2.539999999999990e+00	7.869464e-08
2.549999999999990e+00	7.864498e-08
2.559999999999989e+00	7.859525e-08
2.569999999999989e+00	7.854544e-08
2.579999999999989e+00	7.849556e-08
2.589999999999989e+00	7.844560e-08
2.599999999999989e+00	7.839557e-08
2.609999999999988e+00	7.834546e-08
2.619999999999988e+00	7.829528e-08
2.629999999999988e+00	7.824502e-08
2.639999999999988e+00	7.819468e-08
2.649999999999987e+00	7.814428e-08
2.659999999999987e+00	7.809378e-08
2.669999999999987e+00	7.804321e-08
2.679999999999987e+00	7.799257e-08
2.689999999999987e+00	7.794185e-08
2.699999999999986e+00	7.789105e-08
2.709999999999986e+00	7.784017e-08
2.719999999999986e+00	7.778922e-08
2.729999999999986e+00	7.773818e-08
2.739999999999986e+00	7.768706e-08
2.749999999999985e+00	7.763586e-08
2.759999999999985e+00	7.758459e-08
2.769999999999985e+00	7.753323e-08
2.779999999999985e+00	7.748179e-08
2.789999999999984e+00	7.743026e-08
2.799999999999984e+00	7.737867e-08
2.809999999999984e+00	7.732697e-08
2.819999999999984e+00	7.727521e-08
2.829999999999984e+00	7.722335e-08
2.839999999999983e+00	7.717142e-08
2.849999999999983e+00	7.711940e-08
2.859999999999983e+00	7.706730e-08
2.869999999999983e+00	7.701512e-08
2.879999999999983e+00	7.696284e-08
2.889999999999982e+00	7.691048e-08
2.899999999999982e+00	7.685804e-08
2.909999999999982e+00	7.680551e-08
2.919999999999982e+00	7.675289e-08
2.929999999999982e+00	7.670019e-08
2.939999999999981e+00	7.664740e-08
2.949999999999981e+00	7.659452e-08
2.959999999999981e+00	7.654155e-08
2.969999999999981e+00	7.648850e-08
2.979999999999980e+00	7.643535e-08
2.989999999999980e+00	7.638211e-08
2.999999999999980e+00	7.632879e-08
3.009999999999980e+00	7.627537e-08
3.019999999999980e+00	7.622187e-08
3.029999999999979e+00	7.616827e-08
3.039999999999979e+00	7.611457e-08
3.049999999999979e+00	7.606079e-08
3.059999999999979e+00	7.600692e-08
3.069999999999979e+00	7.595295e-08
3.079999999999978e+00	7.589889e-08
3.089999999999978e+00	7.584473e-08
3.099999999999978e+00	7.579048e-08
3.109999999999978e+00	7.573613e-08
3.119999999999977e+00	7.568169e-08
3.129999999999977e+00	7.562716e-08
3.139999999999977e+00	7.557252e-08
3.149999999999977e+00	7.551778e-08
3.159999999999977e+00	7.546296e-08
3.169999999999976e+00	7.540802e-08
3.179999999999976e+00	7.535300e-08
3.189999999999976e+00	7.529788e-08
3.199999999999976e+00	7.524265e-08
3.209999999999976e+00	7.518732e-08
3.219999999999975e+00	7.513189e-08
3.229999999999975e+00	7.507636e-08
3.239999999999975e+00	7.502074e-08
3.249999999999975e+00	7.496500e-08
3.259999999999974e+00	7.490917e-08
3.269999999999974e+00	7.485323e-08
3.279999999999974e+00	7.479718e-08
3.289999999999974e+00	7.474103e-08
3.299999999999974e+00	7.468478e-08
3.309999999999973e+00	7.462842e-08
3.319999999999973e+00	7.457195e-08
3.329999999999973e+00	7.451538e-08
3.339999999999973e+00	7.445870e-08
3.349999999999973e+00	7.440190e-08
3.359999999999972e+00	7.434500e-08
3.369999999999972e+00	7.428800e-08
3.379999999999972e+00	7.423088e-08
3.389999999999972e+00	7.417365e-08
3.399999999999971e+00	7.411631e-08
3.409999999999971e+00	7.405885e-08
3.419999999999971e+00	7.400129e-08
3.429999999999971e+00	7.394360e-08
3.439999999999971e+00	7.388581e-08
3.449999999999970e+00	7.382790e-08
3.459999999999970e+00	7.376988e-08
3.469999999999970e+00	7.371173e-08
3.479999999999970e+00	7.365347e-08
3.489999999999970e+00	7.359510e-08
3.499999999999969e+00	7.353660e-08
3.509999999999969e+00	7.347799e-08
3.519999999999969e+00	7.341926e-08
3.529999999999969e+00	7.336040e-08
3.539999999999969e+00	7.330143e-08
3.549999999999968e+00	7.324233e-08
3.559999999999968e+00	7.318312e-08
3.569999999999968e+00	7.312377e-08
3.579999999999968e+00	7.306430e-08
3.589999999999967e+00	7.300471e-08
3.599999999999967e+00	7.294499e-08
3.609999999999967e+00	7.288514e-08
3.619999999999967e+00	7.282517e-08
3.629999999999967e+00	7.276506e-08
3.639999999999966e+00	7.270483e-08
3.649999999999966e+00	7.264447e-08
3.659999999999966e+00	7.258397e-08
3.669999999999966e+00	7.252335e-08
3.679999999999966e+00	7.246259e-08
3.689999999999965e+00	7.240170e-08
3.699999999999965e+00	7.234067e-08
3.709999999999965e+00	7.227951e-08
3.719999999999965e+00	7.221821e-08
3.729999999999964e+00	7.215677e-08
3.739999999999964e+00	7.209520e-08
3.749999999999964e+00	7.203349e-08
3.759999999999964e+00	7.197163e-08
3.769999999999964e+00	7.190963e-08
3.779999999999963e+00	7.184750e-08
3.789999999999963e+00	7.178521e-08
3.799999999999963e+00	7.172279e-08
3.809999999999963e+00	7.166021e-08
3.819999999999963e+00	7.159749e-08
3.829999999999962e+00	7.153463e-08
3.839999999999962e+00	7.147161e-08
3.849999999999962e+00	7.140844e-08
3.859999999999962e+00	7.134513e-08
3.869999999999961e+00	7.128166e-08
3.879999999999961e+00	7.121804e-08
3.889999999999961e+00	7.115426e-08
3.899999999999961e+00	7.109033e-08
3.909999999999961e+00	7.102624e-08
3.919999999999960e+00	7.096200e-08
3.929999999999960e+00	7.089759e-08
3.939999999999960e+00	7.083302e-08
3.949999999999960e+00	7.076829e-08
3.959999999999960e+00	7.070340e-08
3.969999999999959e+00	7.063834e-08
3.979999999999959e+00	7.057312e-08
3.989999999999959e+00	7.050773e-08
3.999999999999959e+00	7.044217e-08
4.009999999999959e+00	7.037644e-08
4.019999999999959e+00	7.031054e-08
4.029999999999959e+00	7.024447e-08
4.039999999999958e+00	7.017822e-08
4.049999999999958e+00	7.011180e-08
4.059999999999958e+00	7.004520e-08
4.069999999999958e+00	6.997842e-08
4.079999999999957e+00	6.991146e-08
4.089999999999957e+00	6.984432e-08
4.099999999999957e+00	6.977699e-08
4.109999999999957e+00	6.970948e-08
4.119999999999957e+00	6.964178e-08
4.129999999999956e+00	6.957389e-08
4.139999999999956e+00	6.950581e-08
4.149999999999956e+00	6.943754e-08
4.159999999999956e+00	6.936907e-08
4.169999999999956e+00	6.930041e-08
4.179999999999955e+00	6.923155e-08
4.189999999999955e+00	6.916250e-08
4.199999999999955e+00	6.909323e-08
4.209999999999955e+00	6.902377e-08
4.219999999999954e+00	6.895410e-08
4.229999999999954e+00	6.888422e-08
4.239999999999954e+00	6.881413e-08
4.249999999999954e+00	6.874383e-08
4.259999999999954e+00	6.867332e-08
4.269999999999953e+00	6.860258e-08
4.279999999999953e+00	6.853163e-08
4.289999999999953e+00	6.846046e-08
4.299999999999953e+00	6.838906e-08
4.309999999999953e+00	6.831744e-08
4.319999999999952e+00	6.824559e-08
4.329999999999952e+00	6.817351e-08
4.339999999999952e+00	6.810120e-08
4.349999999999952e+00	6.802865e-08
4.359999999999951e+00	6.795586e-08
4.369999999999951e+00	6.788283e-08
4.379999999999951e+00	6.780955e-08
4.389999999999951e+00	6.773603e-08
4.399999999999951e+00	6.766226e-08
4.409999999999950e+00	6.758823e-08
4.419999999999950e+00	6.751394e-08
4.429999999999950e+00	6.743940e-08
4.439999999999950e+00	6.736460e-08
4.449999999999950e+00	6.728953e-08
4.459999999999949e+00	6.721419e-08
4.469999999999949e+00	6.713857e-08
4.479999999999949e+00	6.706268e-08
4.489999999999949e+00	6.698651e-08
4.499999999999948e+00	6.691005e-08
4.509999999999948e+00	6.683332e-08
4.519999999999948e+00	6.675628e-08
4.529999999999948e+00	6.667895e-08
4.539999999999948e+00	6.660132e-08
4.549999999999947e+00	6.652338e-08
4.559999999999947e+00	6.644514e-08
4.569999999999947e+00	6.636658e-08
4.579999999999947e+00	6.628770e-08
4.589999999999947e+00	6.620851e-08
4.599999999999946e+00	6.612898e-08
4.609999999999946e+00	6.604912e-08
4.619999999999946e+00	6.596892e-08
4.629999999999946e+00	6.588837e-08
4.639999999999946e+00	6.580747e-08
4.649999999999945e+00	6.572620e-08
4.659999999999945e+00	6.564455e-08
4.669999999999945e+00	6.556249e-08
4.679999999999945e+00	6.547998e-08
4.689999999999944e+00	6.539698e-08
4.699999999999944e+00	6.531346e-08
4.709999999999944e+00	6.522934e-08
4.719999999999944e+00	6.514451e-08
4.729999999999944e+00	6.505885e-08
4.739999999999943e+00	6.497213e-08
4.749999999999943e+00	6.488406e-08
4.759999999999943e+00	6.479419e-08
4.769999999999943e+00	6.470189e-08
4.779999999999943e+00	6.460620e-08
4.789999999999942e+00	6.450575e-08
4.799999999999942e+00	6.439853e-08
4.809999999999942e+00	6.428161e-08
4.819999999999942e+00	6.415068e-08
4.829999999999941e+00	6.399947e-08
4.839999999999941e+00	6.381886e-08
4.849999999999941e+00	6.359554e-08
4.859999999999941e+00	6.330693e-08
4.869999999999941e+00	6.292152e-08
4.879999999999940e+00	6.239691e-08
4.889999999999940e+00	6.167377e-08
4.899999999999940e+00	6.067059e-08
4.909999999999940e+00	5.927844e-08
4.919999999999940e+00	5.735676e-08
4.929999999999939e+00	5.473233e-08
4.939999999999939e+00	5.120344e-08
4.949999999999939e+00	4.655046e-08
4.959999999999939e+00	4.055286e-08
4.969999999999938e+00	3.301291e-08
4.979999999999938e+00	2.378209e-08
4.989999999999938e+00	1.278066e-08
5.000000000000000e+00	2.435064e-12
