v1	V(n005)	I(I1)	I(I2)	I(Ib)
2.600000000000000e+00	1.796929e+00	8.262810e-12	9.618878e-08	9.607134e-08
2.601000000000000e+00	1.796929e+00	8.282287e-12	9.618876e-08	9.607134e-08
2.602000000000000e+00	1.796929e+00	8.302370e-12	9.618874e-08	9.607134e-08
2.603000000000000e+00	1.796929e+00	8.323077e-12	9.618872e-08	9.607134e-08
2.604000000000000e+00	1.796929e+00	8.344434e-12	9.618870e-08	9.607134e-08
2.605000000000000e+00	1.796929e+00	8.366448e-12	9.618868e-08	9.607134e-08
2.605999999999999e+00	1.796929e+00	8.389150e-12	9.618865e-08	9.607134e-08
2.606999999999999e+00	1.796929e+00	8.412558e-12	9.618863e-08	9.607134e-08
2.607999999999999e+00	1.796929e+00	8.436699e-12	9.618861e-08	9.607134e-08
2.608999999999999e+00	1.796929e+00	8.461584e-12	9.618858e-08	9.607134e-08
2.609999999999999e+00	1.796929e+00	8.487244e-12	9.618856e-08	9.607134e-08
2.610999999999999e+00	1.796929e+00	8.513701e-12	9.618853e-08	9.607134e-08
2.611999999999999e+00	1.796929e+00	8.540987e-12	9.618850e-08	9.607134e-08
2.612999999999999e+00	1.796929e+00	8.569116e-12	9.618847e-08	9.607134e-08
2.613999999999999e+00	1.796929e+00	8.598120e-12	9.618844e-08	9.607134e-08
2.614999999999998e+00	1.796929e+00	8.628031e-12	9.618842e-08	9.607134e-08
2.615999999999998e+00	1.796929e+00	8.658870e-12	9.618838e-08	9.607134e-08
2.616999999999998e+00	1.796929e+00	8.690670e-12	9.618835e-08	9.607134e-08
2.617999999999998e+00	1.796929e+00	8.723456e-12	9.618832e-08	9.607134e-08
2.618999999999998e+00	1.796929e+00	8.757264e-12	9.618829e-08	9.607134e-08
2.619999999999998e+00	1.796929e+00	8.792128e-12	9.618825e-08	9.607134e-08
2.620999999999998e+00	1.796929e+00	8.828069e-12	9.618822e-08	9.607134e-08
2.621999999999998e+00	1.796929e+00	8.865133e-12	9.618817e-08	9.607134e-08
2.622999999999998e+00	1.796929e+00	8.903349e-12	9.618814e-08	9.607134e-08
2.623999999999997e+00	1.796929e+00	8.942755e-12	9.618810e-08	9.607134e-08
2.624999999999997e+00	1.796929e+00	8.983392e-12	9.618806e-08	9.607134e-08
2.625999999999997e+00	1.796929e+00	9.025290e-12	9.618802e-08	9.607134e-08
2.626999999999997e+00	1.796929e+00	9.068490e-12	9.618797e-08	9.607134e-08
2.627999999999997e+00	1.796929e+00	9.113036e-12	9.618793e-08	9.607134e-08
2.628999999999997e+00	1.796929e+00	9.158970e-12	9.618788e-08	9.607134e-08
2.629999999999997e+00	1.796929e+00	9.206330e-12	9.618784e-08	9.607134e-08
2.630999999999997e+00	1.796929e+00	9.255167e-12	9.618779e-08	9.607134e-08
2.631999999999997e+00	1.796929e+00	9.305526e-12	9.618774e-08	9.607134e-08
2.632999999999996e+00	1.796929e+00	9.357452e-12	9.618768e-08	9.607134e-08
2.633999999999996e+00	1.796930e+00	9.410995e-12	9.618763e-08	9.607134e-08
2.634999999999996e+00	1.796930e+00	9.466203e-12	9.618758e-08	9.607134e-08
2.635999999999996e+00	1.796930e+00	9.523134e-12	9.618752e-08	9.607134e-08
2.636999999999996e+00	1.796930e+00	9.581831e-12	9.618746e-08	9.607134e-08
2.637999999999996e+00	1.796930e+00	9.642361e-12	9.618740e-08	9.607134e-08
2.638999999999996e+00	1.796930e+00	9.704775e-12	9.618734e-08	9.607134e-08
2.639999999999996e+00	1.796930e+00	9.769130e-12	9.618727e-08	9.607134e-08
2.640999999999996e+00	1.796930e+00	9.835491e-12	9.618721e-08	9.607134e-08
2.641999999999995e+00	1.796930e+00	9.903919e-12	9.618714e-08	9.607134e-08
2.642999999999995e+00	1.796930e+00	9.974474e-12	9.618707e-08	9.607134e-08
2.643999999999995e+00	1.796930e+00	1.004723e-11	9.618699e-08	9.607134e-08
2.644999999999995e+00	1.796930e+00	1.012226e-11	9.618692e-08	9.607134e-08
2.645999999999995e+00	1.796930e+00	1.019962e-11	9.618685e-08	9.607134e-08
2.646999999999995e+00	1.796930e+00	1.027938e-11	9.618677e-08	9.607134e-08
2.647999999999995e+00	1.796930e+00	1.036164e-11	9.618668e-08	9.607134e-08
2.648999999999995e+00	1.796930e+00	1.044645e-11	9.618660e-08	9.607134e-08
2.649999999999995e+00	1.796930e+00	1.053391e-11	9.618651e-08	9.607134e-08
2.650999999999994e+00	1.796930e+00	1.062409e-11	9.618642e-08	9.607134e-08
2.651999999999994e+00	1.796930e+00	1.071709e-11	9.618633e-08	9.607134e-08
2.652999999999994e+00	1.796930e+00	1.081297e-11	9.618623e-08	9.607134e-08
2.653999999999994e+00	1.796930e+00	1.091185e-11	9.618613e-08	9.607134e-08
2.654999999999994e+00	1.796930e+00	1.101380e-11	9.618603e-08	9.607134e-08
2.655999999999994e+00	1.796930e+00	1.111894e-11	9.618593e-08	9.607134e-08
2.656999999999994e+00	1.796930e+00	1.122735e-11	9.618581e-08	9.607134e-08
2.657999999999994e+00	1.796930e+00	1.133914e-11	9.618571e-08	9.607134e-08
2.658999999999994e+00	1.796930e+00	1.145441e-11	9.618559e-08	9.607134e-08
2.659999999999993e+00	1.796930e+00	1.157327e-11	9.618547e-08	9.607134e-08
2.660999999999993e+00	1.796930e+00	1.169584e-11	9.618535e-08	9.607134e-08
2.661999999999993e+00	1.796930e+00	1.182223e-11	9.618523e-08	9.607134e-08
2.662999999999993e+00	1.796930e+00	1.195255e-11	9.618509e-08	9.607134e-08
2.663999999999993e+00	1.796931e+00	1.208694e-11	9.618496e-08	9.607134e-08
2.664999999999993e+00	1.796931e+00	1.222552e-11	9.618482e-08	9.607134e-08
2.665999999999993e+00	1.796931e+00	1.236842e-11	9.618468e-08	9.607134e-08
2.666999999999993e+00	1.796931e+00	1.251577e-11	9.618453e-08	9.607134e-08
2.667999999999993e+00	1.796931e+00	1.266771e-11	9.618438e-08	9.607134e-08
2.668999999999992e+00	1.796931e+00	1.282439e-11	9.618422e-08	9.607134e-08
2.669999999999992e+00	1.796931e+00	1.298595e-11	9.618406e-08	9.607134e-08
2.670999999999992e+00	1.796931e+00	1.315255e-11	9.618390e-08	9.607134e-08
2.671999999999992e+00	1.796931e+00	1.332435e-11	9.618373e-08	9.607134e-08
2.672999999999992e+00	1.796931e+00	1.350150e-11	9.618355e-08	9.607134e-08
2.673999999999992e+00	1.796931e+00	1.368417e-11	9.618336e-08	9.607134e-08
2.674999999999992e+00	1.796931e+00	1.387254e-11	9.618318e-08	9.607134e-08
2.675999999999992e+00	1.796931e+00	1.406678e-11	9.618298e-08	9.607134e-08
2.676999999999992e+00	1.796931e+00	1.426707e-11	9.618278e-08	9.607135e-08
2.677999999999991e+00	1.796931e+00	1.447362e-11	9.618257e-08	9.607135e-08
2.678999999999991e+00	1.796931e+00	1.468660e-11	9.618236e-08	9.607135e-08
2.679999999999991e+00	1.796932e+00	1.490622e-11	9.618214e-08	9.607135e-08
2.680999999999991e+00	1.796932e+00	1.513270e-11	9.618191e-08	9.607135e-08
2.681999999999991e+00	1.796932e+00	1.536624e-11	9.618169e-08	9.607135e-08
2.682999999999991e+00	1.796932e+00	1.560705e-11	9.618145e-08	9.607135e-08
2.683999999999991e+00	1.796932e+00	1.585538e-11	9.618120e-08	9.607135e-08
2.684999999999991e+00	1.796932e+00	1.611145e-11	9.618094e-08	9.607135e-08
2.685999999999991e+00	1.796932e+00	1.637551e-11	9.618068e-08	9.607135e-08
2.686999999999991e+00	1.796932e+00	1.664781e-11	9.618040e-08	9.607135e-08
2.687999999999990e+00	1.796932e+00	1.692860e-11	9.618012e-08	9.607135e-08
2.688999999999990e+00	1.796932e+00	1.721814e-11	9.617983e-08	9.607135e-08
2.689999999999990e+00	1.796932e+00	1.751672e-11	9.617953e-08	9.607135e-08
2.690999999999990e+00	1.796933e+00	1.782461e-11	9.617923e-08	9.607135e-08
2.691999999999990e+00	1.796933e+00	1.814211e-11	9.617891e-08	9.607135e-08
2.692999999999990e+00	1.796933e+00	1.846951e-11	9.617858e-08	9.607135e-08
2.693999999999990e+00	1.796933e+00	1.880711e-11	9.617825e-08	9.607135e-08
2.694999999999990e+00	1.796933e+00	1.915526e-11	9.617790e-08	9.607135e-08
2.695999999999990e+00	1.796933e+00	1.951427e-11	9.617754e-08	9.607135e-08
2.696999999999989e+00	1.796933e+00	1.988447e-11	9.617717e-08	9.607135e-08
2.697999999999989e+00	1.796933e+00	2.026622e-11	9.617679e-08	9.607135e-08
2.698999999999989e+00	1.796934e+00	2.065988e-11	9.617639e-08	9.607135e-08
2.699999999999989e+00	1.796934e+00	2.106583e-11	9.617599e-08	9.607135e-08
2.700999999999989e+00	1.796934e+00	2.148444e-11	9.617557e-08	9.607135e-08
2.701999999999989e+00	1.796934e+00	2.191611e-11	9.617514e-08	9.607135e-08
2.702999999999989e+00	1.796934e+00	2.236125e-11	9.617469e-08	9.607135e-08
2.703999999999989e+00	1.796934e+00	2.282028e-11	9.617424e-08	9.607135e-08
2.704999999999989e+00	1.796934e+00	2.329363e-11	9.617376e-08	9.607135e-08
2.705999999999988e+00	1.796935e+00	2.378175e-11	9.617327e-08	9.607135e-08
2.706999999999988e+00	1.796935e+00	2.428511e-11	9.617278e-08	9.607135e-08
2.707999999999988e+00	1.796935e+00	2.480417e-11	9.617226e-08	9.607135e-08
2.708999999999988e+00	1.796935e+00	2.533943e-11	9.617172e-08	9.607135e-08
2.709999999999988e+00	1.796935e+00	2.589139e-11	9.617117e-08	9.607135e-08
2.710999999999988e+00	1.796936e+00	2.646057e-11	9.617060e-08	9.607135e-08
2.711999999999988e+00	1.796936e+00	2.704752e-11	9.617001e-08	9.607135e-08
2.712999999999988e+00	1.796936e+00	2.765278e-11	9.616941e-08	9.607135e-08
2.713999999999988e+00	1.796936e+00	2.827693e-11	9.616878e-08	9.607135e-08
2.714999999999987e+00	1.796937e+00	2.892056e-11	9.616814e-08	9.607136e-08
2.715999999999987e+00	1.796937e+00	2.958428e-11	9.616748e-08	9.607136e-08
2.716999999999987e+00	1.796937e+00	3.026871e-11	9.616679e-08	9.607136e-08
2.717999999999987e+00	1.796937e+00	3.097450e-11	9.616609e-08	9.607136e-08
2.718999999999987e+00	1.796938e+00	3.170232e-11	9.616537e-08	9.607136e-08
2.719999999999987e+00	1.796938e+00	3.245285e-11	9.616461e-08	9.607136e-08
2.720999999999987e+00	1.796938e+00	3.322681e-11	9.616384e-08	9.607136e-08
2.721999999999987e+00	1.796938e+00	3.402492e-11	9.616304e-08	9.607136e-08
2.722999999999987e+00	1.796939e+00	3.484794e-11	9.616222e-08	9.607136e-08
2.723999999999986e+00	1.796939e+00	3.569665e-11	9.616137e-08	9.607137e-08
2.724999999999986e+00	1.796939e+00	3.657184e-11	9.616050e-08	9.607137e-08
2.725999999999986e+00	1.796940e+00	3.747436e-11	9.615960e-08	9.607137e-08
2.726999999999986e+00	1.796940e+00	3.840504e-11	9.615867e-08	9.607137e-08
2.727999999999986e+00	1.796940e+00	3.936476e-11	9.615771e-08	9.607137e-08
2.728999999999986e+00	1.796941e+00	4.035445e-11	9.615672e-08	9.607137e-08
2.729999999999986e+00	1.796941e+00	4.137501e-11	9.615570e-08	9.607137e-08
2.730999999999986e+00	1.796941e+00	4.242743e-11	9.615465e-08	9.607137e-08
2.731999999999986e+00	1.796942e+00	4.351270e-11	9.615356e-08	9.607137e-08
2.732999999999985e+00	1.796942e+00	4.463185e-11	9.615245e-08	9.607137e-08
2.733999999999985e+00	1.796943e+00	4.578591e-11	9.615130e-08	9.607137e-08
2.734999999999985e+00	1.796943e+00	4.697601e-11	9.615011e-08	9.607137e-08
2.735999999999985e+00	1.796944e+00	4.820324e-11	9.614888e-08	9.607137e-08
2.736999999999985e+00	1.796944e+00	4.946877e-11	9.614762e-08	9.607137e-08
2.737999999999985e+00	1.796944e+00	5.077380e-11	9.614632e-08	9.607138e-08
2.738999999999985e+00	1.796945e+00	5.211956e-11	9.614497e-08	9.607138e-08
2.739999999999985e+00	1.796945e+00	5.350731e-11	9.614358e-08	9.607138e-08
2.740999999999985e+00	1.796946e+00	5.493838e-11	9.614215e-08	9.607138e-08
2.741999999999984e+00	1.796947e+00	5.641410e-11	9.614068e-08	9.607138e-08
2.742999999999984e+00	1.796947e+00	5.793588e-11	9.613916e-08	9.607139e-08
2.743999999999984e+00	1.796948e+00	5.950516e-11	9.613759e-08	9.607139e-08
2.744999999999984e+00	1.796948e+00	6.112339e-11	9.613598e-08	9.607139e-08
2.745999999999984e+00	1.796949e+00	6.279213e-11	9.613431e-08	9.607139e-08
2.746999999999984e+00	1.796949e+00	6.451294e-11	9.613259e-08	9.607140e-08
2.747999999999984e+00	1.796950e+00	6.628743e-11	9.613082e-08	9.607140e-08
2.748999999999984e+00	1.796951e+00	6.811731e-11	9.612899e-08	9.607140e-08
2.749999999999984e+00	1.796951e+00	7.000427e-11	9.612710e-08	9.607140e-08
2.750999999999983e+00	1.796952e+00	7.195011e-11	9.612516e-08	9.607140e-08
2.751999999999983e+00	1.796953e+00	7.395665e-11	9.612315e-08	9.607140e-08
2.752999999999983e+00	1.796954e+00	7.602580e-11	9.612108e-08	9.607140e-08
2.753999999999983e+00	1.796954e+00	7.815950e-11	9.611895e-08	9.607141e-08
2.754999999999983e+00	1.796955e+00	8.035975e-11	9.611676e-08	9.607141e-08
2.755999999999983e+00	1.796956e+00	8.262865e-11	9.611449e-08	9.607141e-08
2.756999999999983e+00	1.796957e+00	8.496830e-11	9.611215e-08	9.607142e-08
2.757999999999983e+00	1.796958e+00	8.738094e-11	9.610974e-08	9.607142e-08
2.758999999999983e+00	1.796959e+00	8.986883e-11	9.610726e-08	9.607142e-08
2.759999999999982e+00	1.796959e+00	9.243431e-11	9.610470e-08	9.607142e-08
2.760999999999982e+00	1.796960e+00	9.507978e-11	9.610206e-08	9.607142e-08
2.761999999999982e+00	1.796961e+00	9.780775e-11	9.609933e-08	9.607142e-08
2.762999999999982e+00	1.796962e+00	1.006208e-10	9.609652e-08	9.607143e-08
2.763999999999982e+00	1.796963e+00	1.035215e-10	9.609362e-08	9.607143e-08
2.764999999999982e+00	1.796965e+00	1.065127e-10	9.609063e-08	9.607144e-08
2.765999999999982e+00	1.796966e+00	1.095971e-10	9.608755e-08	9.607144e-08
2.766999999999982e+00	1.796967e+00	1.127777e-10	9.608438e-08	9.607144e-08
2.767999999999982e+00	1.796968e+00	1.160574e-10	9.608110e-08	9.607145e-08
2.768999999999981e+00	1.796969e+00	1.194394e-10	9.607772e-08	9.607145e-08
2.769999999999981e+00	1.796970e+00	1.229267e-10	9.607424e-08	9.607145e-08
2.770999999999981e+00	1.796972e+00	1.265227e-10	9.607064e-08	9.607145e-08
2.771999999999981e+00	1.796973e+00	1.302307e-10	9.606694e-08	9.607146e-08
2.772999999999981e+00	1.796974e+00	1.340543e-10	9.606312e-08	9.607146e-08
2.773999999999981e+00	1.796976e+00	1.379969e-10	9.605918e-08	9.607147e-08
2.774999999999981e+00	1.796977e+00	1.420624e-10	9.605512e-08	9.607147e-08
2.775999999999981e+00	1.796979e+00	1.462545e-10	9.605093e-08	9.607147e-08
2.776999999999981e+00	1.796980e+00	1.505771e-10	9.604661e-08	9.607148e-08
2.777999999999980e+00	1.796982e+00	1.550343e-10	9.604216e-08	9.607148e-08
2.778999999999980e+00	1.796984e+00	1.596303e-10	9.603757e-08	9.607149e-08
2.779999999999980e+00	1.796985e+00	1.643693e-10	9.603284e-08	9.607150e-08
2.780999999999980e+00	1.796987e+00	1.692558e-10	9.602795e-08	9.607150e-08
2.781999999999980e+00	1.796989e+00	1.742944e-10	9.602292e-08	9.607150e-08
2.782999999999980e+00	1.796991e+00	1.794898e-10	9.601774e-08	9.607151e-08
2.783999999999980e+00	1.796993e+00	1.848468e-10	9.601238e-08	9.607152e-08
2.784999999999980e+00	1.796995e+00	1.903704e-10	9.600686e-08	9.607152e-08
2.785999999999980e+00	1.796997e+00	1.960658e-10	9.600117e-08	9.607152e-08
2.786999999999979e+00	1.796999e+00	2.019383e-10	9.599531e-08	9.607153e-08
2.787999999999979e+00	1.797001e+00	2.079933e-10	9.598926e-08	9.607154e-08
2.788999999999979e+00	1.797003e+00	2.142366e-10	9.598303e-08	9.607155e-08
2.789999999999979e+00	1.797006e+00	2.206738e-10	9.597660e-08	9.607155e-08
2.790999999999979e+00	1.797008e+00	2.273110e-10	9.596996e-08	9.607156e-08
2.791999999999979e+00	1.797011e+00	2.341544e-10	9.596312e-08	9.607157e-08
2.792999999999979e+00	1.797013e+00	2.412104e-10	9.595608e-08	9.607157e-08
2.793999999999979e+00	1.797016e+00	2.484854e-10	9.594881e-08	9.607158e-08
2.794999999999979e+00	1.797018e+00	2.559862e-10	9.594132e-08	9.607159e-08
2.795999999999979e+00	1.797021e+00	2.637198e-10	9.593359e-08	9.607160e-08
2.796999999999978e+00	1.797024e+00	2.716934e-10	9.592563e-08	9.607160e-08
2.797999999999978e+00	1.797027e+00	2.799142e-10	9.591741e-08	9.607161e-08
2.798999999999978e+00	1.797030e+00	2.883900e-10	9.590894e-08	9.607162e-08
2.799999999999978e+00	1.797033e+00	2.971285e-10	9.590022e-08	9.607163e-08
2.800999999999978e+00	1.797037e+00	3.061378e-10	9.589122e-08	9.607164e-08
2.801999999999978e+00	1.797040e+00	3.154263e-10	9.588194e-08	9.607164e-08
2.802999999999978e+00	1.797043e+00	3.250024e-10	9.587237e-08	9.607166e-08
2.803999999999978e+00	1.797047e+00	3.348750e-10	9.586251e-08	9.607167e-08
2.804999999999978e+00	1.797051e+00	3.450532e-10	9.585234e-08	9.607167e-08
2.805999999999977e+00	1.797054e+00	3.555463e-10	9.584186e-08	9.607169e-08
2.806999999999977e+00	1.797058e+00	3.663640e-10	9.583106e-08	9.607169e-08
2.807999999999977e+00	1.797062e+00	3.775161e-10	9.581991e-08	9.607171e-08
2.808999999999977e+00	1.797066e+00	3.890129e-10	9.580843e-08	9.607172e-08
2.809999999999977e+00	1.797071e+00	4.008648e-10	9.579659e-08	9.607173e-08
2.810999999999977e+00	1.797075e+00	4.130828e-10	9.578439e-08	9.607174e-08
2.811999999999977e+00	1.797080e+00	4.256779e-10	9.577180e-08	9.607176e-08
2.812999999999977e+00	1.797084e+00	4.386616e-10	9.575884e-08	9.607177e-08
2.813999999999977e+00	1.797089e+00	4.520457e-10	9.574546e-08	9.607179e-08
2.814999999999976e+00	1.797094e+00	4.658425e-10	9.573169e-08	9.607180e-08
2.815999999999976e+00	1.797099e+00	4.800643e-10	9.571747e-08	9.607182e-08
2.816999999999976e+00	1.797105e+00	4.947240e-10	9.570283e-08	9.607183e-08
2.817999999999976e+00	1.797110e+00	5.098351e-10	9.568774e-08	9.607184e-08
2.818999999999976e+00	1.797116e+00	5.254109e-10	9.567218e-08	9.607186e-08
2.819999999999976e+00	1.797122e+00	5.414658e-10	9.565614e-08	9.607187e-08
2.820999999999976e+00	1.797127e+00	5.580139e-10	9.563961e-08	9.607189e-08
2.821999999999976e+00	1.797134e+00	5.750702e-10	9.562257e-08	9.607191e-08
2.822999999999976e+00	1.797140e+00	5.926501e-10	9.560501e-08	9.607193e-08
2.823999999999975e+00	1.797147e+00	6.107692e-10	9.558691e-08	9.607194e-08
2.824999999999975e+00	1.797153e+00	6.294437e-10	9.556825e-08	9.607196e-08
2.825999999999975e+00	1.797160e+00	6.486903e-10	9.554903e-08	9.607199e-08
2.826999999999975e+00	1.797168e+00	6.685260e-10	9.552921e-08	9.607200e-08
2.827999999999975e+00	1.797175e+00	6.889685e-10	9.550879e-08	9.607202e-08
2.828999999999975e+00	1.797183e+00	7.100360e-10	9.548774e-08	9.607204e-08
2.829999999999975e+00	1.797190e+00	7.317469e-10	9.546606e-08	9.607206e-08
2.830999999999975e+00	1.797199e+00	7.541205e-10	9.544371e-08	9.607209e-08
2.831999999999975e+00	1.797207e+00	7.771764e-10	9.542067e-08	9.607211e-08
2.832999999999974e+00	1.797215e+00	8.009349e-10	9.539694e-08	9.607214e-08
2.833999999999974e+00	1.797224e+00	8.254167e-10	9.537249e-08	9.607216e-08
2.834999999999974e+00	1.797233e+00	8.506432e-10	9.534729e-08	9.607218e-08
2.835999999999974e+00	1.797243e+00	8.766363e-10	9.532132e-08	9.607221e-08
2.836999999999974e+00	1.797253e+00	9.034186e-10	9.529457e-08	9.607224e-08
2.837999999999974e+00	1.797263e+00	9.310134e-10	9.526700e-08	9.607227e-08
2.838999999999974e+00	1.797273e+00	9.594443e-10	9.523860e-08	9.607230e-08
2.839999999999974e+00	1.797284e+00	9.887359e-10	9.520934e-08	9.607233e-08
2.840999999999974e+00	1.797294e+00	1.018913e-09	9.517920e-08	9.607236e-08
2.841999999999973e+00	1.797306e+00	1.050002e-09	9.514814e-08	9.607239e-08
2.842999999999973e+00	1.797317e+00	1.082029e-09	9.511614e-08	9.607242e-08
2.843999999999973e+00	1.797329e+00	1.115021e-09	9.508319e-08	9.607245e-08
2.844999999999973e+00	1.797342e+00	1.149006e-09	9.504924e-08	9.607249e-08
2.845999999999973e+00	1.797354e+00	1.184013e-09	9.501426e-08	9.607253e-08
2.846999999999973e+00	1.797368e+00	1.220071e-09	9.497825e-08	9.607256e-08
2.847999999999973e+00	1.797381e+00	1.257210e-09	9.494115e-08	9.607260e-08
2.848999999999973e+00	1.797395e+00	1.295461e-09	9.490294e-08	9.607264e-08
2.849999999999973e+00	1.797409e+00	1.334856e-09	9.486358e-08	9.607268e-08
2.850999999999972e+00	1.797424e+00	1.375427e-09	9.482305e-08	9.607272e-08
2.851999999999972e+00	1.797439e+00	1.417208e-09	9.478131e-08	9.607276e-08
2.852999999999972e+00	1.797455e+00	1.460233e-09	9.473834e-08	9.607280e-08
2.853999999999972e+00	1.797471e+00	1.504536e-09	9.469408e-08	9.607285e-08
2.854999999999972e+00	1.797488e+00	1.550155e-09	9.464851e-08	9.607290e-08
2.855999999999972e+00	1.797505e+00	1.597124e-09	9.460159e-08	9.607295e-08
2.856999999999972e+00	1.797523e+00	1.645483e-09	9.455328e-08	9.607299e-08
2.857999999999972e+00	1.797541e+00	1.695270e-09	9.450355e-08	9.607304e-08
2.858999999999972e+00	1.797559e+00	1.746523e-09	9.445235e-08	9.607309e-08
2.859999999999971e+00	1.797579e+00	1.799284e-09	9.439965e-08	9.607315e-08
2.860999999999971e+00	1.797599e+00	1.853594e-09	9.434539e-08	9.607321e-08
2.861999999999971e+00	1.797619e+00	1.909495e-09	9.428955e-08	9.607326e-08
2.862999999999971e+00	1.797640e+00	1.967030e-09	9.423207e-08	9.607332e-08
2.863999999999971e+00	1.797662e+00	2.026244e-09	9.417292e-08	9.607339e-08
2.864999999999971e+00	1.797684e+00	2.087182e-09	9.411205e-08	9.607344e-08
2.865999999999971e+00	1.797707e+00	2.149889e-09	9.404940e-08	9.607351e-08
2.866999999999971e+00	1.797731e+00	2.214414e-09	9.398495e-08	9.607358e-08
2.867999999999971e+00	1.797755e+00	2.280804e-09	9.391863e-08	9.607364e-08
2.868999999999970e+00	1.797780e+00	2.349108e-09	9.385040e-08	9.607371e-08
2.869999999999970e+00	1.797806e+00	2.419378e-09	9.378020e-08	9.607378e-08
2.870999999999970e+00	1.797832e+00	2.491664e-09	9.370799e-08	9.607386e-08
2.871999999999970e+00	1.797860e+00	2.566018e-09	9.363372e-08	9.607394e-08
2.872999999999970e+00	1.797888e+00	2.642494e-09	9.355732e-08	9.607402e-08
2.873999999999970e+00	1.797917e+00	2.721147e-09	9.347875e-08	9.607410e-08
2.874999999999970e+00	1.797947e+00	2.802031e-09	9.339795e-08	9.607418e-08
2.875999999999970e+00	1.797977e+00	2.885203e-09	9.331487e-08	9.607427e-08
2.876999999999970e+00	1.798009e+00	2.970721e-09	9.322944e-08	9.607435e-08
2.877999999999969e+00	1.798041e+00	3.058643e-09	9.314161e-08	9.607444e-08
2.878999999999969e+00	1.798075e+00	3.149029e-09	9.305132e-08	9.607454e-08
2.879999999999969e+00	1.798109e+00	3.241939e-09	9.295851e-08	9.607464e-08
2.880999999999969e+00	1.798145e+00	3.337435e-09	9.286311e-08	9.607473e-08
2.881999999999969e+00	1.798181e+00	3.435580e-09	9.276507e-08	9.607484e-08
2.882999999999969e+00	1.798218e+00	3.536437e-09	9.266432e-08	9.607493e-08
2.883999999999969e+00	1.798257e+00	3.640071e-09	9.256080e-08	9.607505e-08
2.884999999999969e+00	1.798296e+00	3.746547e-09	9.245443e-08	9.607515e-08
2.885999999999969e+00	1.798337e+00	3.855931e-09	9.234516e-08	9.607527e-08
2.886999999999968e+00	1.798379e+00	3.968292e-09	9.223292e-08	9.607539e-08
2.887999999999968e+00	1.798422e+00	4.083697e-09	9.211764e-08	9.607550e-08
2.888999999999968e+00	1.798466e+00	4.202216e-09	9.199924e-08	9.607563e-08
2.889999999999968e+00	1.798511e+00	4.323918e-09	9.187767e-08	9.607576e-08
2.890999999999968e+00	1.798558e+00	4.448874e-09	9.175285e-08	9.607589e-08
2.891999999999968e+00	1.798606e+00	4.577156e-09	9.162470e-08	9.607602e-08
2.892999999999968e+00	1.798655e+00	4.708837e-09	9.149316e-08	9.607616e-08
2.893999999999968e+00	1.798706e+00	4.843988e-09	9.135815e-08	9.607630e-08
2.894999999999968e+00	1.798758e+00	4.982685e-09	9.121960e-08	9.607645e-08
2.895999999999967e+00	1.798812e+00	5.125000e-09	9.107743e-08	9.607660e-08
2.896999999999967e+00	1.798867e+00	5.271010e-09	9.093158e-08	9.607675e-08
2.897999999999967e+00	1.798923e+00	5.420789e-09	9.078196e-08	9.607690e-08
2.898999999999967e+00	1.798981e+00	5.574413e-09	9.062850e-08	9.607707e-08
2.899999999999967e+00	1.799041e+00	5.731959e-09	9.047112e-08	9.607724e-08
2.900999999999967e+00	1.799102e+00	5.893503e-09	9.030975e-08	9.607741e-08
2.901999999999967e+00	1.799164e+00	6.059121e-09	9.014430e-08	9.607758e-08
2.902999999999967e+00	1.799229e+00	6.228892e-09	8.997471e-08	9.607776e-08
2.903999999999967e+00	1.799295e+00	6.402892e-09	8.980090e-08	9.607795e-08
2.904999999999966e+00	1.799363e+00	6.581198e-09	8.962279e-08	9.607813e-08
2.905999999999966e+00	1.799433e+00	6.763889e-09	8.944029e-08	9.607833e-08
2.906999999999966e+00	1.799504e+00	6.951041e-09	8.925333e-08	9.607853e-08
2.907999999999966e+00	1.799577e+00	7.142731e-09	8.906185e-08	9.607874e-08
2.908999999999966e+00	1.799653e+00	7.339036e-09	8.886575e-08	9.607894e-08
2.909999999999966e+00	1.799730e+00	7.540033e-09	8.866498e-08	9.607916e-08
2.910999999999966e+00	1.799809e+00	7.745799e-09	8.845943e-08	9.607938e-08
2.911999999999966e+00	1.799890e+00	7.956406e-09	8.824905e-08	9.607960e-08
2.912999999999966e+00	1.799973e+00	8.171933e-09	8.803375e-08	9.607984e-08
2.913999999999966e+00	1.800059e+00	8.392453e-09	8.781347e-08	9.608008e-08
2.914999999999965e+00	1.800146e+00	8.618038e-09	8.758813e-08	9.608032e-08
2.915999999999965e+00	1.800236e+00	8.848763e-09	8.735765e-08	9.608057e-08
2.916999999999965e+00	1.800328e+00	9.084697e-09	8.712197e-08	9.608083e-08
2.917999999999965e+00	1.800422e+00	9.325912e-09	8.688102e-08	9.608109e-08
2.918999999999965e+00	1.800518e+00	9.572477e-09	8.663471e-08	9.608136e-08
2.919999999999965e+00	1.800617e+00	9.824459e-09	8.638300e-08	9.608164e-08
2.920999999999965e+00	1.800718e+00	1.008193e-08	8.612582e-08	9.608192e-08
2.921999999999965e+00	1.800822e+00	1.034494e-08	8.586309e-08	9.608220e-08
2.922999999999965e+00	1.800928e+00	1.061357e-08	8.559476e-08	9.608250e-08
2.923999999999964e+00	1.801036e+00	1.088787e-08	8.532075e-08	9.608281e-08
2.924999999999964e+00	1.801147e+00	1.116790e-08	8.504102e-08	9.608311e-08
2.925999999999964e+00	1.801261e+00	1.145373e-08	8.475551e-08	9.608343e-08
2.926999999999964e+00	1.801378e+00	1.174540e-08	8.446416e-08	9.608376e-08
2.927999999999964e+00	1.801497e+00	1.204296e-08	8.416692e-08	9.608409e-08
2.928999999999964e+00	1.801618e+00	1.234648e-08	8.386374e-08	9.608443e-08
2.929999999999964e+00	1.801743e+00	1.265599e-08	8.355457e-08	9.608478e-08
2.930999999999964e+00	1.801870e+00	1.297155e-08	8.323936e-08	9.608513e-08
2.931999999999964e+00	1.802001e+00	1.329319e-08	8.291808e-08	9.608550e-08
2.932999999999963e+00	1.802134e+00	1.362095e-08	8.259067e-08	9.608587e-08
2.933999999999963e+00	1.802270e+00	1.395487e-08	8.225712e-08	9.608625e-08
2.934999999999963e+00	1.802409e+00	1.429500e-08	8.191738e-08	9.608664e-08
2.935999999999963e+00	1.802551e+00	1.464134e-08	8.157141e-08	9.608704e-08
2.936999999999963e+00	1.802697e+00	1.499394e-08	8.121921e-08	9.608744e-08
2.937999999999963e+00	1.802845e+00	1.535282e-08	8.086073e-08	9.608785e-08
2.938999999999963e+00	1.802996e+00	1.571800e-08	8.049597e-08	9.608827e-08
2.939999999999963e+00	1.803151e+00	1.608949e-08	8.012489e-08	9.608870e-08
2.940999999999963e+00	1.803309e+00	1.646730e-08	7.974750e-08	9.608915e-08
2.941999999999962e+00	1.803470e+00	1.685146e-08	7.936378e-08	9.608959e-08
2.942999999999962e+00	1.803635e+00	1.724196e-08	7.897372e-08	9.609006e-08
2.943999999999962e+00	1.803802e+00	1.763880e-08	7.857733e-08	9.609052e-08
2.944999999999962e+00	1.803974e+00	1.804199e-08	7.817460e-08	9.609100e-08
2.945999999999962e+00	1.804148e+00	1.845151e-08	7.776555e-08	9.609149e-08
2.946999999999962e+00	1.804327e+00	1.886736e-08	7.735017e-08	9.609199e-08
2.947999999999962e+00	1.804508e+00	1.928952e-08	7.692850e-08	9.609249e-08
2.948999999999962e+00	1.804693e+00	1.971797e-08	7.650054e-08	9.609301e-08
2.949999999999962e+00	1.804882e+00	2.015269e-08	7.606632e-08	9.609354e-08
2.950999999999961e+00	1.805074e+00	2.059366e-08	7.562587e-08	9.609407e-08
2.951999999999961e+00	1.805271e+00	2.104083e-08	7.517922e-08	9.609462e-08
2.952999999999961e+00	1.805470e+00	2.149418e-08	7.472640e-08	9.609518e-08
2.953999999999961e+00	1.805674e+00	2.195366e-08	7.426746e-08	9.609574e-08
2.954999999999961e+00	1.805881e+00	2.241923e-08	7.380244e-08	9.609632e-08
2.955999999999961e+00	1.806092e+00	2.289084e-08	7.333139e-08	9.609690e-08
2.956999999999961e+00	1.806307e+00	2.336843e-08	7.285436e-08	9.609751e-08
2.957999999999961e+00	1.806525e+00	2.385195e-08	7.237142e-08	9.609812e-08
2.958999999999961e+00	1.806748e+00	2.434134e-08	7.188262e-08	9.609874e-08
2.959999999999960e+00	1.806974e+00	2.483651e-08	7.138804e-08	9.609937e-08
2.960999999999960e+00	1.807205e+00	2.533742e-08	7.088774e-08	9.610001e-08
2.961999999999960e+00	1.807439e+00	2.584397e-08	7.038181e-08	9.610066e-08
2.962999999999960e+00	1.807677e+00	2.635609e-08	6.987031e-08	9.610132e-08
2.963999999999960e+00	1.807920e+00	2.687368e-08	6.935335e-08	9.610201e-08
2.964999999999960e+00	1.808166e+00	2.739668e-08	6.883100e-08	9.610269e-08
2.965999999999960e+00	1.808416e+00	2.792497e-08	6.830336e-08	9.610338e-08
2.966999999999960e+00	1.808671e+00	2.845846e-08	6.777054e-08	9.610410e-08
2.967999999999960e+00	1.808930e+00	2.899705e-08	6.723262e-08	9.610482e-08
2.968999999999959e+00	1.809193e+00	2.954064e-08	6.668972e-08	9.610555e-08
2.969999999999959e+00	1.809460e+00	3.008910e-08	6.614194e-08	9.610629e-08
2.970999999999959e+00	1.809731e+00	3.064234e-08	6.558941e-08	9.610705e-08
2.971999999999959e+00	1.810006e+00	3.120023e-08	6.503223e-08	9.610782e-08
2.972999999999959e+00	1.810286e+00	3.176265e-08	6.447054e-08	9.610859e-08
2.973999999999959e+00	1.810570e+00	3.232946e-08	6.390446e-08	9.610939e-08
2.974999999999959e+00	1.810858e+00	3.290056e-08	6.333411e-08	9.611019e-08
2.975999999999959e+00	1.811151e+00	3.347580e-08	6.275963e-08	9.611100e-08
2.976999999999959e+00	1.811447e+00	3.405504e-08	6.218114e-08	9.611183e-08
2.977999999999958e+00	1.811749e+00	3.463814e-08	6.159881e-08	9.611267e-08
2.978999999999958e+00	1.812054e+00	3.522497e-08	6.101277e-08	9.611352e-08
2.979999999999958e+00	1.812364e+00	3.581539e-08	6.042315e-08	9.611438e-08
2.980999999999958e+00	1.812678e+00	3.640923e-08	5.983012e-08	9.611526e-08
2.981999999999958e+00	1.812997e+00	3.700634e-08	5.923382e-08	9.611615e-08
2.982999999999958e+00	1.813320e+00	3.760658e-08	5.863441e-08	9.611704e-08
2.983999999999958e+00	1.813647e+00	3.820978e-08	5.803204e-08	9.611796e-08
2.984999999999958e+00	1.813979e+00	3.881580e-08	5.742687e-08	9.611888e-08
2.985999999999958e+00	1.814315e+00	3.942445e-08	5.681908e-08	9.611981e-08
2.986999999999957e+00	1.814656e+00	4.003559e-08	5.620880e-08	9.612076e-08
2.987999999999957e+00	1.815001e+00	4.064904e-08	5.559623e-08	9.612172e-08
2.988999999999957e+00	1.815351e+00	4.126464e-08	5.498152e-08	9.612270e-08
2.989999999999957e+00	1.815705e+00	4.188222e-08	5.436484e-08	9.612369e-08
2.990999999999957e+00	1.816064e+00	4.250160e-08	5.374637e-08	9.612468e-08
2.991999999999957e+00	1.816427e+00	4.312261e-08	5.312628e-08	9.612569e-08
2.992999999999957e+00	1.816794e+00	4.374508e-08	5.250474e-08	9.612671e-08
2.993999999999957e+00	1.817166e+00	4.436884e-08	5.188193e-08	9.612775e-08
2.994999999999957e+00	1.817543e+00	4.499369e-08	5.125802e-08	9.612879e-08
2.995999999999956e+00	1.817924e+00	4.561948e-08	5.063320e-08	9.612985e-08
2.996999999999956e+00	1.818310e+00	4.624601e-08	5.000764e-08	9.613093e-08
2.997999999999956e+00	1.818700e+00	4.687312e-08	4.938152e-08	9.613201e-08
2.998999999999956e+00	1.819095e+00	4.750061e-08	4.875501e-08	9.613311e-08
2.999999999999956e+00	1.819494e+00	4.812831e-08	4.812831e-08	9.613422e-08
3.000999999999956e+00	1.819897e+00	4.875605e-08	4.750159e-08	9.613535e-08
3.001999999999956e+00	1.820306e+00	4.938363e-08	4.687503e-08	9.613647e-08
3.002999999999956e+00	1.820718e+00	5.001089e-08	4.624881e-08	9.613763e-08
3.003999999999956e+00	1.821136e+00	5.063763e-08	4.562312e-08	9.613878e-08
3.004999999999955e+00	1.821557e+00	5.126369e-08	4.499812e-08	9.613996e-08
3.005999999999955e+00	1.821984e+00	5.188888e-08	4.437400e-08	9.614114e-08
3.006999999999955e+00	1.822415e+00	5.251302e-08	4.375093e-08	9.614234e-08
3.007999999999955e+00	1.822850e+00	5.313594e-08	4.312910e-08	9.614354e-08
3.008999999999955e+00	1.823290e+00	5.375746e-08	4.250868e-08	9.614477e-08
3.009999999999955e+00	1.823734e+00	5.437741e-08	4.188984e-08	9.614600e-08
3.010999999999955e+00	1.824183e+00	5.499561e-08	4.127276e-08	9.614725e-08
3.011999999999955e+00	1.824636e+00	5.561188e-08	4.065761e-08	9.614851e-08
3.012999999999955e+00	1.825094e+00	5.622608e-08	4.004456e-08	9.614978e-08
3.013999999999954e+00	1.825556e+00	5.683801e-08	3.943378e-08	9.615106e-08
3.014999999999954e+00	1.826023e+00	5.744752e-08	3.882543e-08	9.615236e-08
3.015999999999954e+00	1.826494e+00	5.805444e-08	3.821969e-08	9.615367e-08
3.016999999999954e+00	1.826970e+00	5.865860e-08	3.761670e-08	9.615498e-08
3.017999999999954e+00	1.827449e+00	5.925985e-08	3.701664e-08	9.615632e-08
3.018999999999954e+00	1.827934e+00	5.985804e-08	3.641966e-08	9.615766e-08
3.019999999999954e+00	1.828423e+00	6.045299e-08	3.582592e-08	9.615902e-08
3.020999999999954e+00	1.828916e+00	6.104457e-08	3.523557e-08	9.616039e-08
3.021999999999954e+00	1.829413e+00	6.163263e-08	3.464875e-08	9.616177e-08
3.022999999999954e+00	1.829915e+00	6.221700e-08	3.406561e-08	9.616316e-08
3.023999999999953e+00	1.830422e+00	6.279756e-08	3.348631e-08	9.616456e-08
3.024999999999953e+00	1.830932e+00	6.337417e-08	3.291097e-08	9.616598e-08
3.025999999999953e+00	1.831447e+00	6.394667e-08	3.233974e-08	9.616741e-08
3.026999999999953e+00	1.831966e+00	6.451495e-08	3.177275e-08	9.616885e-08
3.027999999999953e+00	1.832490e+00	6.507887e-08	3.121012e-08	9.617030e-08
3.028999999999953e+00	1.833017e+00	6.563830e-08	3.065200e-08	9.617176e-08
3.029999999999953e+00	1.833549e+00	6.619313e-08	3.009849e-08	9.617324e-08
3.030999999999953e+00	1.834085e+00	6.674323e-08	2.954972e-08	9.617472e-08
3.031999999999953e+00	1.834626e+00	6.728848e-08	2.900580e-08	9.617622e-08
3.032999999999952e+00	1.835170e+00	6.782878e-08	2.846685e-08	9.617773e-08
3.033999999999952e+00	1.835719e+00	6.836402e-08	2.793297e-08	9.617925e-08
3.034999999999952e+00	1.836272e+00	6.889410e-08	2.740426e-08	9.618078e-08
3.035999999999952e+00	1.836829e+00	6.941890e-08	2.688083e-08	9.618233e-08
3.036999999999952e+00	1.837389e+00	6.993835e-08	2.636277e-08	9.618388e-08
3.037999999999952e+00	1.837954e+00	7.045235e-08	2.585016e-08	9.618545e-08
3.038999999999952e+00	1.838523e+00	7.096082e-08	2.534310e-08	9.618702e-08
3.039999999999952e+00	1.839096e+00	7.146367e-08	2.484167e-08	9.618861e-08
3.040999999999952e+00	1.839673e+00	7.196082e-08	2.434595e-08	9.619020e-08
3.041999999999951e+00	1.840254e+00	7.245220e-08	2.385600e-08	9.619181e-08
3.042999999999951e+00	1.840839e+00	7.293774e-08	2.337190e-08	9.619343e-08
3.043999999999951e+00	1.841428e+00	7.341739e-08	2.289371e-08	9.619506e-08
3.044999999999951e+00	1.842020e+00	7.389107e-08	2.242149e-08	9.619670e-08
3.045999999999951e+00	1.842616e+00	7.435874e-08	2.195530e-08	9.619835e-08
3.046999999999951e+00	1.843216e+00	7.482033e-08	2.149518e-08	9.620000e-08
3.047999999999951e+00	1.843820e+00	7.527582e-08	2.104119e-08	9.620167e-08
3.048999999999951e+00	1.844428e+00	7.572515e-08	2.059336e-08	9.620336e-08
3.049999999999951e+00	1.845039e+00	7.616829e-08	2.015174e-08	9.620505e-08
3.050999999999950e+00	1.845654e+00	7.660520e-08	1.971635e-08	9.620675e-08
3.051999999999950e+00	1.846272e+00	7.703585e-08	1.928722e-08	9.620846e-08
3.052999999999950e+00	1.846894e+00	7.746023e-08	1.886438e-08	9.621018e-08
3.053999999999950e+00	1.847520e+00	7.787830e-08	1.844785e-08	9.621191e-08
3.054999999999950e+00	1.848149e+00	7.829006e-08	1.803765e-08	9.621365e-08
3.055999999999950e+00	1.848781e+00	7.869550e-08	1.763378e-08	9.621539e-08
3.056999999999950e+00	1.849417e+00	7.909460e-08	1.723625e-08	9.621715e-08
3.057999999999950e+00	1.850056e+00	7.948736e-08	1.684507e-08	9.621891e-08
3.058999999999950e+00	1.850699e+00	7.987379e-08	1.646024e-08	9.622069e-08
3.059999999999949e+00	1.851345e+00	8.025388e-08	1.608174e-08	9.622247e-08
3.060999999999949e+00	1.851994e+00	8.062765e-08	1.570958e-08	9.622427e-08
3.061999999999949e+00	1.852647e+00	8.099511e-08	1.534374e-08	9.622607e-08
3.062999999999949e+00	1.853302e+00	8.135628e-08	1.498420e-08	9.622788e-08
3.063999999999949e+00	1.853961e+00	8.171116e-08	1.463094e-08	9.622970e-08
3.064999999999949e+00	1.854623e+00	8.205979e-08	1.428394e-08	9.623152e-08
3.065999999999949e+00	1.855288e+00	8.240220e-08	1.394318e-08	9.623336e-08
3.066999999999949e+00	1.855956e+00	8.273841e-08	1.360863e-08	9.623520e-08
3.067999999999949e+00	1.856627e+00	8.306846e-08	1.328024e-08	9.623705e-08
3.068999999999948e+00	1.857300e+00	8.339238e-08	1.295799e-08	9.623891e-08
3.069999999999948e+00	1.857977e+00	8.371021e-08	1.264184e-08	9.624078e-08
3.070999999999948e+00	1.858657e+00	8.402200e-08	1.233174e-08	9.624265e-08
3.071999999999948e+00	1.859339e+00	8.432778e-08	1.202765e-08	9.624453e-08
3.072999999999948e+00	1.860024e+00	8.462761e-08	1.172952e-08	9.624642e-08
3.073999999999948e+00	1.860712e+00	8.492153e-08	1.143731e-08	9.624831e-08
3.074999999999948e+00	1.861403e+00	8.520960e-08	1.115095e-08	9.625022e-08
3.075999999999948e+00	1.862096e+00	8.549188e-08	1.087040e-08	9.625213e-08
3.076999999999948e+00	1.862792e+00	8.576841e-08	1.059559e-08	9.625405e-08
3.077999999999947e+00	1.863490e+00	8.603926e-08	1.032647e-08	9.625597e-08
3.078999999999947e+00	1.864191e+00	8.630450e-08	1.006298e-08	9.625790e-08
3.079999999999947e+00	1.864894e+00	8.656416e-08	9.805055e-09	9.625984e-08
3.080999999999947e+00	1.865600e+00	8.681835e-08	9.552630e-09	9.626178e-08
3.081999999999947e+00	1.866308e+00	8.706710e-08	9.305638e-09	9.626373e-08
3.082999999999947e+00	1.867018e+00	8.731049e-08	9.064012e-09	9.626569e-08
3.083999999999947e+00	1.867731e+00	8.754859e-08	8.827683e-09	9.626765e-08
3.084999999999947e+00	1.868446e+00	8.778147e-08	8.596581e-09	9.626962e-08
3.085999999999947e+00	1.869163e+00	8.800920e-08	8.370635e-09	9.627159e-08
3.086999999999946e+00	1.869883e+00	8.823186e-08	8.149772e-09	9.627357e-08
3.087999999999946e+00	1.870604e+00	8.844950e-08	7.933917e-09	9.627556e-08
3.088999999999946e+00	1.871328e+00	8.866223e-08	7.722998e-09	9.627755e-08
3.089999999999946e+00	1.872053e+00	8.887010e-08	7.516939e-09	9.627954e-08
3.090999999999946e+00	1.872781e+00	8.907318e-08	7.315665e-09	9.628154e-08
3.091999999999946e+00	1.873511e+00	8.927156e-08	7.119099e-09	9.628355e-08
3.092999999999946e+00	1.874242e+00	8.946532e-08	6.927165e-09	9.628556e-08
3.093999999999946e+00	1.874976e+00	8.965453e-08	6.739786e-09	9.628757e-08
3.094999999999946e+00	1.875711e+00	8.983926e-08	6.556884e-09	9.628960e-08
3.095999999999945e+00	1.876448e+00	9.001960e-08	6.378382e-09	9.629162e-08
3.096999999999945e+00	1.877187e+00	9.019562e-08	6.204203e-09	9.629365e-08
3.097999999999945e+00	1.877927e+00	9.036740e-08	6.034269e-09	9.629569e-08
3.098999999999945e+00	1.878670e+00	9.053502e-08	5.868503e-09	9.629773e-08
3.099999999999945e+00	1.879414e+00	9.069855e-08	5.706826e-09	9.629976e-08
3.100999999999945e+00	1.880159e+00	9.085807e-08	5.549163e-09	9.630181e-08
3.101999999999945e+00	1.880906e+00	9.101367e-08	5.395436e-09	9.630386e-08
3.102999999999945e+00	1.881655e+00	9.116540e-08	5.245569e-09	9.630592e-08
3.103999999999945e+00	1.882406e+00	9.131336e-08	5.099486e-09	9.630798e-08
3.104999999999944e+00	1.883157e+00	9.145761e-08	4.957110e-09	9.631004e-08
3.105999999999944e+00	1.883911e+00	9.159824e-08	4.818367e-09	9.631211e-08
3.106999999999944e+00	1.884665e+00	9.173530e-08	4.683183e-09	9.631417e-08
3.107999999999944e+00	1.885421e+00	9.186889e-08	4.551483e-09	9.631625e-08
3.108999999999944e+00	1.886179e+00	9.199908e-08	4.423193e-09	9.631832e-08
3.109999999999944e+00	1.886937e+00	9.212592e-08	4.298242e-09	9.632041e-08
3.110999999999944e+00	1.887697e+00	9.224951e-08	4.176557e-09	9.632249e-08
3.111999999999944e+00	1.888459e+00	9.236990e-08	4.058068e-09	9.632458e-08
3.112999999999944e+00	1.889221e+00	9.248717e-08	3.942703e-09	9.632667e-08
3.113999999999943e+00	1.889985e+00	9.260139e-08	3.830394e-09	9.632876e-08
3.114999999999943e+00	1.890750e+00	9.271263e-08	3.721071e-09	9.633086e-08
3.115999999999943e+00	1.891516e+00	9.282095e-08	3.614667e-09	9.633295e-08
3.116999999999943e+00	1.892283e+00	9.292641e-08	3.511116e-09	9.633506e-08
3.117999999999943e+00	1.893051e+00	9.302910e-08	3.410351e-09	9.633716e-08
3.118999999999943e+00	1.893821e+00	9.312907e-08	3.312307e-09	9.633926e-08
3.119999999999943e+00	1.894591e+00	9.322638e-08	3.216921e-09	9.634137e-08
3.120999999999943e+00	1.895362e+00	9.332111e-08	3.124130e-09	9.634348e-08
3.121999999999943e+00	1.896135e+00	9.341330e-08	3.033871e-09	9.634559e-08
3.122999999999942e+00	1.896908e+00	9.350302e-08	2.946084e-09	9.634771e-08
3.123999999999942e+00	1.897682e+00	9.359033e-08	2.860708e-09	9.634983e-08
3.124999999999942e+00	1.898457e+00	9.367530e-08	2.777686e-09	9.635195e-08
3.125999999999942e+00	1.899233e+00	9.375797e-08	2.696958e-09	9.635407e-08
3.126999999999942e+00	1.900010e+00	9.383840e-08	2.618469e-09	9.635620e-08
3.127999999999942e+00	1.900788e+00	9.391665e-08	2.542163e-09	9.635833e-08
3.128999999999942e+00	1.901567e+00	9.399278e-08	2.467984e-09	9.636045e-08
3.129999999999942e+00	1.902346e+00	9.406684e-08	2.395879e-09	9.636258e-08
3.130999999999942e+00	1.903126e+00	9.413888e-08	2.325796e-09	9.636472e-08
3.131999999999941e+00	1.903907e+00	9.420895e-08	2.257683e-09	9.636685e-08
3.132999999999941e+00	1.904689e+00	9.427710e-08	2.191489e-09	9.636899e-08
3.133999999999941e+00	1.905471e+00	9.434338e-08	2.127165e-09	9.637112e-08
3.134999999999941e+00	1.906255e+00	9.440785e-08	2.064662e-09	9.637326e-08
3.135999999999941e+00	1.907038e+00	9.447054e-08	2.003934e-09	9.637540e-08
3.136999999999941e+00	1.907823e+00	9.453152e-08	1.944932e-09	9.637754e-08
3.137999999999941e+00	1.908608e+00	9.459080e-08	1.887613e-09	9.637969e-08
3.138999999999941e+00	1.909394e+00	9.464845e-08	1.831931e-09	9.638183e-08
3.139999999999941e+00	1.910180e+00	9.470451e-08	1.777844e-09	9.638398e-08
3.140999999999941e+00	1.910967e+00	9.475902e-08	1.725307e-09	9.638612e-08
3.141999999999940e+00	1.911755e+00	9.481202e-08	1.674281e-09	9.638828e-08
3.142999999999940e+00	1.912543e+00	9.486355e-08	1.624723e-09	9.639042e-08
3.143999999999940e+00	1.913332e+00	9.491366e-08	1.576596e-09	9.639258e-08
3.144999999999940e+00	1.914121e+00	9.496237e-08	1.529859e-09	9.639473e-08
3.145999999999940e+00	1.914911e+00	9.500974e-08	1.484475e-09	9.639688e-08
3.146999999999940e+00	1.915701e+00	9.505579e-08	1.440408e-09	9.639903e-08
3.147999999999940e+00	1.916492e+00	9.510056e-08	1.397620e-09	9.640119e-08
3.148999999999940e+00	1.917283e+00	9.514409e-08	1.356077e-09	9.640335e-08
3.149999999999940e+00	1.918075e+00	9.518640e-08	1.315745e-09	9.640550e-08
3.150999999999939e+00	1.918867e+00	9.522755e-08	1.276589e-09	9.640766e-08
3.151999999999939e+00	1.919660e+00	9.526754e-08	1.238578e-09	9.640982e-08
3.152999999999939e+00	1.920453e+00	9.530643e-08	1.201679e-09	9.641198e-08
3.153999999999939e+00	1.921246e+00	9.534424e-08	1.165862e-09	9.641414e-08
3.154999999999939e+00	1.922040e+00	9.538100e-08	1.131096e-09	9.641630e-08
3.155999999999939e+00	1.922835e+00	9.541674e-08	1.097351e-09	9.641846e-08
3.156999999999939e+00	1.923629e+00	9.545148e-08	1.064599e-09	9.642063e-08
3.157999999999939e+00	1.924424e+00	9.548526e-08	1.032812e-09	9.642279e-08
3.158999999999939e+00	1.925220e+00	9.551811e-08	1.001962e-09	9.642496e-08
3.159999999999938e+00	1.926016e+00	9.555004e-08	9.720230e-10	9.642712e-08
3.160999999999938e+00	1.926812e+00	9.558110e-08	9.429690e-10	9.642928e-08
3.161999999999938e+00	1.927608e+00	9.561129e-08	9.147749e-10	9.643145e-08
3.162999999999938e+00	1.928405e+00	9.564065e-08	8.874160e-10	9.643362e-08
3.163999999999938e+00	1.929202e+00	9.566919e-08	8.608684e-10	9.643578e-08
3.164999999999938e+00	1.930000e+00	9.569695e-08	8.351088e-10	9.643795e-08
3.165999999999938e+00	1.930797e+00	9.572395e-08	8.101145e-10	9.644012e-08
3.166999999999938e+00	1.931596e+00	9.575021e-08	7.858637e-10	9.644229e-08
3.167999999999938e+00	1.932394e+00	9.577574e-08	7.623346e-10	9.644446e-08
3.168999999999937e+00	1.933192e+00	9.580057e-08	7.395067e-10	9.644663e-08
3.169999999999937e+00	1.933991e+00	9.582472e-08	7.173595e-10	9.644880e-08
3.170999999999937e+00	1.934791e+00	9.584821e-08	6.958732e-10	9.645097e-08
3.171999999999937e+00	1.935590e+00	9.587107e-08	6.750288e-10	9.645314e-08
3.172999999999937e+00	1.936390e+00	9.589329e-08	6.548075e-10	9.645531e-08
3.173999999999937e+00	1.937190e+00	9.591492e-08	6.351911e-10	9.645748e-08
3.174999999999937e+00	1.937990e+00	9.593595e-08	6.161621e-10	9.645965e-08
3.175999999999937e+00	1.938790e+00	9.595642e-08	5.977032e-10	9.646183e-08
3.176999999999937e+00	1.939591e+00	9.597634e-08	5.797977e-10	9.646400e-08
3.177999999999936e+00	1.940392e+00	9.599572e-08	5.624294e-10	9.646617e-08
3.178999999999936e+00	1.941193e+00	9.601457e-08	5.455825e-10	9.646834e-08
3.179999999999936e+00	1.941994e+00	9.603293e-08	5.292418e-10	9.647052e-08
3.180999999999936e+00	1.942796e+00	9.605078e-08	5.133923e-10	9.647269e-08
3.181999999999936e+00	1.943597e+00	9.606817e-08	4.980195e-10	9.647486e-08
3.182999999999936e+00	1.944399e+00	9.608510e-08	4.831094e-10	9.647704e-08
3.183999999999936e+00	1.945201e+00	9.610157e-08	4.686484e-10	9.647921e-08
3.184999999999936e+00	1.946003e+00	9.611760e-08	4.546231e-10	9.648138e-08
3.185999999999936e+00	1.946806e+00	9.613322e-08	4.410206e-10	9.648355e-08
3.186999999999935e+00	1.947608e+00	9.614843e-08	4.278284e-10	9.648573e-08
3.187999999999935e+00	1.948411e+00	9.616324e-08	4.150343e-10	9.648790e-08
3.188999999999935e+00	1.949214e+00	9.617766e-08	4.026266e-10	9.649008e-08
3.189999999999935e+00	1.950017e+00	9.619171e-08	3.905937e-10	9.649225e-08
3.190999999999935e+00	1.950820e+00	9.620540e-08	3.789244e-10	9.649442e-08
3.191999999999935e+00	1.951624e+00	9.621873e-08	3.676081e-10	9.649660e-08
3.192999999999935e+00	1.952428e+00	9.623172e-08	3.566340e-10	9.649877e-08
3.193999999999935e+00	1.953231e+00	9.624438e-08	3.459921e-10	9.650095e-08
3.194999999999935e+00	1.954035e+00	9.625671e-08	3.356724e-10	9.650313e-08
3.195999999999934e+00	1.954839e+00	9.626874e-08	3.256652e-10	9.650530e-08
3.196999999999934e+00	1.955643e+00	9.628046e-08	3.159613e-10	9.650748e-08
3.197999999999934e+00	1.956447e+00	9.629189e-08	3.065516e-10	9.650965e-08
3.198999999999934e+00	1.957252e+00	9.630303e-08	2.974272e-10	9.651183e-08
3.199999999999934e+00	1.958056e+00	9.631390e-08	2.885795e-10	9.651400e-08
3.200999999999934e+00	1.958861e+00	9.632450e-08	2.800004e-10	9.651617e-08
3.201999999999934e+00	1.959666e+00	9.633484e-08	2.716817e-10	9.651835e-08
3.202999999999934e+00	1.960470e+00	9.634492e-08	2.636157e-10	9.652052e-08
3.203999999999934e+00	1.961275e+00	9.635476e-08	2.557946e-10	9.652270e-08
3.204999999999933e+00	1.962080e+00	9.636437e-08	2.482112e-10	9.652487e-08
3.205999999999933e+00	1.962886e+00	9.637374e-08	2.408583e-10	9.652705e-08
3.206999999999933e+00	1.963691e+00	9.638289e-08	2.337290e-10	9.652922e-08
3.207999999999933e+00	1.964496e+00	9.639182e-08	2.268165e-10	9.653139e-08
3.208999999999933e+00	1.965302e+00	9.640055e-08	2.201143e-10	9.653357e-08
3.209999999999933e+00	1.966107e+00	9.640907e-08	2.136161e-10	9.653574e-08
3.210999999999933e+00	1.966913e+00	9.641739e-08	2.073157e-10	9.653792e-08
3.211999999999933e+00	1.967719e+00	9.642552e-08	2.012071e-10	9.654009e-08
3.212999999999933e+00	1.968525e+00	9.643346e-08	1.952845e-10	9.654227e-08
3.213999999999932e+00	1.969331e+00	9.644123e-08	1.895423e-10	9.654444e-08
3.214999999999932e+00	1.970137e+00	9.644882e-08	1.839752e-10	9.654661e-08
3.215999999999932e+00	1.970943e+00	9.645623e-08	1.785777e-10	9.654879e-08
3.216999999999932e+00	1.971749e+00	9.646349e-08	1.733447e-10	9.655096e-08
3.217999999999932e+00	1.972556e+00	9.647059e-08	1.682713e-10	9.655314e-08
3.218999999999932e+00	1.973362e+00	9.647753e-08	1.633526e-10	9.655531e-08
3.219999999999932e+00	1.974168e+00	9.648432e-08	1.585840e-10	9.655749e-08
3.220999999999932e+00	1.974975e+00	9.649097e-08	1.539608e-10	9.655966e-08
3.221999999999932e+00	1.975782e+00	9.649747e-08	1.494788e-10	9.656183e-08
3.222999999999931e+00	1.976588e+00	9.650385e-08	1.451335e-10	9.656400e-08
3.223999999999931e+00	1.977395e+00	9.651008e-08	1.409209e-10	9.656618e-08
3.224999999999931e+00	1.978202e+00	9.651619e-08	1.368369e-10	9.656835e-08
3.225999999999931e+00	1.979009e+00	9.652217e-08	1.328777e-10	9.657052e-08
3.226999999999931e+00	1.979816e+00	9.652803e-08	1.290393e-10	9.657270e-08
3.227999999999931e+00	1.980623e+00	9.653378e-08	1.253183e-10	9.657487e-08
3.228999999999931e+00	1.981430e+00	9.653941e-08	1.217109e-10	9.657704e-08
3.229999999999931e+00	1.982237e+00	9.654493e-08	1.182138e-10	9.657921e-08
3.230999999999931e+00	1.983044e+00	9.655034e-08	1.148236e-10	9.658138e-08
3.231999999999930e+00	1.983852e+00	9.655566e-08	1.115370e-10	9.658356e-08
3.232999999999930e+00	1.984659e+00	9.656087e-08	1.083509e-10	9.658573e-08
3.233999999999930e+00	1.985466e+00	9.656598e-08	1.052622e-10	9.658790e-08
3.234999999999930e+00	1.986274e+00	9.657100e-08	1.022680e-10	9.659007e-08
3.235999999999930e+00	1.987081e+00	9.657593e-08	9.936541e-11	9.659224e-08
3.236999999999930e+00	1.987889e+00	9.658077e-08	9.655159e-11	9.659441e-08
3.237999999999930e+00	1.988697e+00	9.658552e-08	9.382386e-11	9.659658e-08
3.238999999999930e+00	1.989504e+00	9.659019e-08	9.117960e-11	9.659875e-08
3.239999999999930e+00	1.990312e+00	9.659478e-08	8.861626e-11	9.660092e-08
3.240999999999929e+00	1.991120e+00	9.659929e-08	8.613139e-11	9.660309e-08
3.241999999999929e+00	1.991928e+00	9.660373e-08	8.372257e-11	9.660526e-08
3.242999999999929e+00	1.992736e+00	9.660809e-08	8.138751e-11	9.660743e-08
3.243999999999929e+00	1.993544e+00	9.661238e-08	7.912394e-11	9.660960e-08
3.244999999999929e+00	1.994352e+00	9.661660e-08	7.692969e-11	9.661177e-08
3.245999999999929e+00	1.995160e+00	9.662075e-08	7.480264e-11	9.661394e-08
3.246999999999929e+00	1.995968e+00	9.662484e-08	7.274074e-11	9.661611e-08
3.247999999999929e+00	1.996776e+00	9.662887e-08	7.074200e-11	9.661828e-08
3.248999999999929e+00	1.997584e+00	9.663283e-08	6.880450e-11	9.662045e-08
3.249999999999929e+00	1.998392e+00	9.663673e-08	6.692635e-11	9.662261e-08
3.250999999999928e+00	1.999201e+00	9.664058e-08	6.510576e-11	9.662478e-08
3.251999999999928e+00	2.000009e+00	9.664437e-08	6.334096e-11	9.662695e-08
3.252999999999928e+00	2.000818e+00	9.664811e-08	6.163024e-11	9.662912e-08
3.253999999999928e+00	2.001626e+00	9.665180e-08	5.997196e-11	9.663128e-08
3.254999999999928e+00	2.002434e+00	9.665543e-08	5.836451e-11	9.663345e-08
3.255999999999928e+00	2.003243e+00	9.665902e-08	5.680634e-11	9.663562e-08
3.256999999999928e+00	2.004051e+00	9.666255e-08	5.529595e-11	9.663778e-08
3.257999999999928e+00	2.004860e+00	9.666604e-08	5.383186e-11	9.663995e-08
3.258999999999928e+00	2.005669e+00	9.666949e-08	5.241267e-11	9.664212e-08
3.259999999999927e+00	2.006477e+00	9.667289e-08	5.103700e-11	9.664429e-08
3.260999999999927e+00	2.007286e+00	9.667625e-08	4.970352e-11	9.664645e-08
3.261999999999927e+00	2.008095e+00	9.667957e-08	4.841094e-11	9.664861e-08
3.262999999999927e+00	2.008904e+00	9.668285e-08	4.715802e-11	9.665078e-08
3.263999999999927e+00	2.009712e+00	9.668609e-08	4.594352e-11	9.665295e-08
3.264999999999927e+00	2.010521e+00	9.668930e-08	4.476628e-11	9.665511e-08
3.265999999999927e+00	2.011330e+00	9.669247e-08	4.362517e-11	9.665727e-08
3.266999999999927e+00	2.012139e+00	9.669560e-08	4.251906e-11	9.665944e-08
3.267999999999927e+00	2.012948e+00	9.669870e-08	4.144690e-11	9.666160e-08
3.268999999999926e+00	2.013757e+00	9.670176e-08	4.040764e-11	9.666377e-08
3.269999999999926e+00	2.014566e+00	9.670480e-08	3.940027e-11	9.666593e-08
3.270999999999926e+00	2.015375e+00	9.670780e-08	3.842383e-11	9.666810e-08
3.271999999999926e+00	2.016185e+00	9.671078e-08	3.747735e-11	9.667026e-08
3.272999999999926e+00	2.016994e+00	9.671372e-08	3.655993e-11	9.667242e-08
3.273999999999926e+00	2.017803e+00	9.671664e-08	3.567066e-11	9.667458e-08
3.274999999999926e+00	2.018612e+00	9.671952e-08	3.480871e-11	9.667675e-08
3.275999999999926e+00	2.019421e+00	9.672239e-08	3.397321e-11	9.667891e-08
3.276999999999926e+00	2.020231e+00	9.672523e-08	3.316336e-11	9.668107e-08
3.277999999999925e+00	2.021040e+00	9.672804e-08	3.237838e-11	9.668323e-08
3.278999999999925e+00	2.021849e+00	9.673083e-08	3.161751e-11	9.668540e-08
3.279999999999925e+00	2.022659e+00	9.673359e-08	3.088000e-11	9.668756e-08
3.280999999999925e+00	2.023468e+00	9.673634e-08	3.016514e-11	9.668972e-08
3.281999999999925e+00	2.024278e+00	9.673906e-08	2.947224e-11	9.669188e-08
3.282999999999925e+00	2.025087e+00	9.674176e-08	2.880061e-11	9.669404e-08
3.283999999999925e+00	2.025897e+00	9.674444e-08	2.814962e-11	9.669620e-08
3.284999999999925e+00	2.026706e+00	9.674709e-08	2.751863e-11	9.669836e-08
3.285999999999925e+00	2.027516e+00	9.674973e-08	2.690701e-11	9.670052e-08
3.286999999999924e+00	2.028326e+00	9.675235e-08	2.631419e-11	9.670268e-08
3.287999999999924e+00	2.029135e+00	9.675496e-08	2.573959e-11	9.670484e-08
3.288999999999924e+00	2.029945e+00	9.675754e-08	2.518263e-11	9.670700e-08
3.289999999999924e+00	2.030755e+00	9.676011e-08	2.464278e-11	9.670916e-08
3.290999999999924e+00	2.031564e+00	9.676266e-08	2.411953e-11	9.671132e-08
3.291999999999924e+00	2.032374e+00	9.676519e-08	2.361235e-11	9.671348e-08
3.292999999999924e+00	2.033184e+00	9.676771e-08	2.312076e-11	9.671563e-08
3.293999999999924e+00	2.033994e+00	9.677021e-08	2.264428e-11	9.671779e-08
3.294999999999924e+00	2.034804e+00	9.677271e-08	2.218244e-11	9.671995e-08
3.295999999999923e+00	2.035614e+00	9.677518e-08	2.173480e-11	9.672211e-08
3.296999999999923e+00	2.036423e+00	9.677765e-08	2.130091e-11	9.672426e-08
3.297999999999923e+00	2.037233e+00	9.678009e-08	2.088036e-11	9.672642e-08
3.298999999999923e+00	2.038043e+00	9.678253e-08	2.047274e-11	9.672858e-08
3.299999999999923e+00	2.038853e+00	9.678495e-08	2.007765e-11	9.673074e-08
3.300999999999923e+00	2.039663e+00	9.678736e-08	1.969470e-11	9.673289e-08
3.301999999999923e+00	2.040473e+00	9.678976e-08	1.932353e-11	9.673505e-08
3.302999999999923e+00	2.041284e+00	9.679215e-08	1.896376e-11	9.673720e-08
3.303999999999923e+00	2.042094e+00	9.679453e-08	1.861506e-11	9.673936e-08
3.304999999999922e+00	2.042904e+00	9.679690e-08	1.827708e-11	9.674152e-08
3.305999999999922e+00	2.043714e+00	9.679925e-08	1.794949e-11	9.674367e-08
3.306999999999922e+00	2.044524e+00	9.680159e-08	1.763198e-11	9.674583e-08
3.307999999999922e+00	2.045334e+00	9.680393e-08	1.732423e-11	9.674798e-08
3.308999999999922e+00	2.046145e+00	9.680625e-08	1.702594e-11	9.675014e-08
3.309999999999922e+00	2.046955e+00	9.680857e-08	1.673683e-11	9.675229e-08
3.310999999999922e+00	2.047765e+00	9.681088e-08	1.645661e-11	9.675444e-08
3.311999999999922e+00	2.048576e+00	9.681318e-08	1.618501e-11	9.675659e-08
3.312999999999922e+00	2.049386e+00	9.681547e-08	1.592176e-11	9.675875e-08
3.313999999999921e+00	2.050196e+00	9.681776e-08	1.566661e-11	9.676091e-08
3.314999999999921e+00	2.051007e+00	9.682003e-08	1.541930e-11	9.676306e-08
3.315999999999921e+00	2.051817e+00	9.682230e-08	1.517960e-11	9.676521e-08
3.316999999999921e+00	2.052628e+00	9.682456e-08	1.494728e-11	9.676737e-08
3.317999999999921e+00	2.053438e+00	9.682681e-08	1.472210e-11	9.676951e-08
3.318999999999921e+00	2.054249e+00	9.682906e-08	1.450385e-11	9.677166e-08
3.319999999999921e+00	2.055059e+00	9.683130e-08	1.429232e-11	9.677382e-08
3.320999999999921e+00	2.055870e+00	9.683353e-08	1.408730e-11	9.677597e-08
3.321999999999921e+00	2.056680e+00	9.683576e-08	1.388858e-11	9.677812e-08
3.322999999999920e+00	2.057491e+00	9.683798e-08	1.369597e-11	9.678027e-08
3.323999999999920e+00	2.058302e+00	9.684020e-08	1.350929e-11	9.678242e-08
3.324999999999920e+00	2.059112e+00	9.684240e-08	1.332836e-11	9.678458e-08
3.325999999999920e+00	2.059923e+00	9.684461e-08	1.315299e-11	9.678672e-08
3.326999999999920e+00	2.060734e+00	9.684680e-08	1.298303e-11	9.678887e-08
3.327999999999920e+00	2.061545e+00	9.684900e-08	1.281829e-11	9.679103e-08
3.328999999999920e+00	2.062356e+00	9.685118e-08	1.265862e-11	9.679317e-08
3.329999999999920e+00	2.063166e+00	9.685337e-08	1.250386e-11	9.679533e-08
3.330999999999920e+00	2.063977e+00	9.685554e-08	1.235387e-11	9.679747e-08
3.331999999999919e+00	2.064788e+00	9.685772e-08	1.220850e-11	9.679962e-08
3.332999999999919e+00	2.065599e+00	9.685989e-08	1.206760e-11	9.680177e-08
3.333999999999919e+00	2.066410e+00	9.686205e-08	1.193104e-11	9.680392e-08
3.334999999999919e+00	2.067221e+00	9.686421e-08	1.179868e-11	9.680607e-08
3.335999999999919e+00	2.068032e+00	9.686637e-08	1.167039e-11	9.680821e-08
3.336999999999919e+00	2.068843e+00	9.686852e-08	1.154606e-11	9.681036e-08
3.337999999999919e+00	2.069654e+00	9.687067e-08	1.142555e-11	9.681251e-08
3.338999999999919e+00	2.070465e+00	9.687282e-08	1.130875e-11	9.681466e-08
3.339999999999919e+00	2.071276e+00	9.687496e-08	1.119555e-11	9.681681e-08
3.340999999999918e+00	2.072087e+00	9.687709e-08	1.108583e-11	9.681895e-08
3.341999999999918e+00	2.072898e+00	9.687923e-08	1.097949e-11	9.682110e-08
3.342999999999918e+00	2.073709e+00	9.688136e-08	1.087643e-11	9.682324e-08
3.343999999999918e+00	2.074520e+00	9.688349e-08	1.077654e-11	9.682539e-08
3.344999999999918e+00	2.075331e+00	9.688561e-08	1.067972e-11	9.682753e-08
3.345999999999918e+00	2.076143e+00	9.688773e-08	1.058589e-11	9.682968e-08
3.346999999999918e+00	2.076954e+00	9.688986e-08	1.049494e-11	9.683183e-08
3.347999999999918e+00	2.077765e+00	9.689197e-08	1.040680e-11	9.683397e-08
3.348999999999918e+00	2.078577e+00	9.689408e-08	1.032137e-11	9.683612e-08
3.349999999999917e+00	2.079388e+00	9.689619e-08	1.023857e-11	9.683826e-08
3.350999999999917e+00	2.080199e+00	9.689830e-08	1.015832e-11	9.684040e-08
3.351999999999917e+00	2.081011e+00	9.690041e-08	1.008055e-11	9.684255e-08
3.352999999999917e+00	2.081822e+00	9.690251e-08	1.000517e-11	9.684469e-08
3.353999999999917e+00	2.082633e+00	9.690461e-08	9.932108e-12	9.684683e-08
3.354999999999917e+00	2.083445e+00	9.690671e-08	9.861296e-12	9.684898e-08
3.355999999999917e+00	2.084256e+00	9.690881e-08	9.792671e-12	9.685112e-08
3.356999999999917e+00	2.085068e+00	9.691090e-08	9.726158e-12	9.685326e-08
3.357999999999917e+00	2.085879e+00	9.691299e-08	9.661693e-12	9.685541e-08
3.358999999999916e+00	2.086691e+00	9.691509e-08	9.599212e-12	9.685755e-08
3.359999999999916e+00	2.087502e+00	9.691717e-08	9.538661e-12	9.685969e-08
3.360999999999916e+00	2.088314e+00	9.691926e-08	9.479971e-12	9.686183e-08
3.361999999999916e+00	2.089125e+00	9.692135e-08	9.423092e-12	9.686397e-08
3.362999999999916e+00	2.089937e+00	9.692343e-08	9.367964e-12	9.686612e-08
3.363999999999916e+00	2.090749e+00	9.692551e-08	9.314532e-12	9.686826e-08
3.364999999999916e+00	2.091560e+00	9.692759e-08	9.262752e-12	9.687039e-08
3.365999999999916e+00	2.092372e+00	9.692967e-08	9.212566e-12	9.687254e-08
3.366999999999916e+00	2.093184e+00	9.693174e-08	9.163927e-12	9.687468e-08
3.367999999999916e+00	2.093996e+00	9.693382e-08	9.116783e-12	9.687682e-08
3.368999999999915e+00	2.094807e+00	9.693589e-08	9.071095e-12	9.687896e-08
3.369999999999915e+00	2.095619e+00	9.693796e-08	9.026811e-12	9.688110e-08
3.370999999999915e+00	2.096431e+00	9.694003e-08	8.983894e-12	9.688324e-08
3.371999999999915e+00	2.097243e+00	9.694210e-08	8.942303e-12	9.688538e-08
3.372999999999915e+00	2.098055e+00	9.694417e-08	8.901986e-12	9.688752e-08
3.373999999999915e+00	2.098866e+00	9.694624e-08	8.862916e-12	9.688966e-08
3.374999999999915e+00	2.099679e+00	9.694831e-08	8.825051e-12	9.689180e-08
3.375999999999915e+00	2.100490e+00	9.695037e-08	8.788357e-12	9.689393e-08
3.376999999999915e+00	2.101302e+00	9.695243e-08	8.752787e-12	9.689607e-08
3.377999999999914e+00	2.102114e+00	9.695449e-08	8.718319e-12	9.689821e-08
3.378999999999914e+00	2.102926e+00	9.695655e-08	8.684908e-12	9.690034e-08
3.379999999999914e+00	2.103739e+00	9.695862e-08	8.652528e-12	9.690248e-08
3.380999999999914e+00	2.104551e+00	9.696068e-08	8.621149e-12	9.690462e-08
3.381999999999914e+00	2.105363e+00	9.696273e-08	8.590739e-12	9.690675e-08
3.382999999999914e+00	2.106175e+00	9.696479e-08	8.561264e-12	9.690889e-08
3.383999999999914e+00	2.106987e+00	9.696684e-08	8.532697e-12	9.691103e-08
3.384999999999914e+00	2.107799e+00	9.696890e-08	8.505011e-12	9.691316e-08
3.385999999999914e+00	2.108611e+00	9.697096e-08	8.478179e-12	9.691530e-08
3.386999999999913e+00	2.109423e+00	9.697301e-08	8.452175e-12	9.691744e-08
3.387999999999913e+00	2.110236e+00	9.697506e-08	8.426971e-12	9.691957e-08
3.388999999999913e+00	2.111048e+00	9.697712e-08	8.402545e-12	9.692171e-08
3.389999999999913e+00	2.111860e+00	9.697916e-08	8.378871e-12	9.692384e-08
3.390999999999913e+00	2.112672e+00	9.698122e-08	8.355931e-12	9.692598e-08
3.391999999999913e+00	2.113485e+00	9.698326e-08	8.333696e-12	9.692811e-08
3.392999999999913e+00	2.114297e+00	9.698532e-08	8.312145e-12	9.693024e-08
3.393999999999913e+00	2.115109e+00	9.698736e-08	8.291260e-12	9.693238e-08
3.394999999999913e+00	2.115922e+00	9.698941e-08	8.271020e-12	9.693451e-08
3.395999999999912e+00	2.116734e+00	9.699146e-08	8.251403e-12	9.693665e-08
3.396999999999912e+00	2.117547e+00	9.699350e-08	8.232394e-12	9.693878e-08
3.397999999999912e+00	2.118359e+00	9.699555e-08	8.213966e-12	9.694092e-08
3.398999999999912e+00	2.119172e+00	9.699760e-08	8.196111e-12	9.694305e-08
3.400000000000000e+00	2.119984e+00	9.699964e-08	8.178804e-12	9.694518e-08
