v1			V(VV)		I(I1)		I(I2)		I(Ib)
1.600000000000000e+00	1.010243e+00	8.690168e-12	9.420938e-08	9.363990e-08
1.601000000000000e+00	1.010243e+00	8.721171e-12	9.420935e-08	9.363990e-08
1.602000000000000e+00	1.010243e+00	8.753088e-12	9.420932e-08	9.363990e-08
1.603000000000000e+00	1.010243e+00	8.785950e-12	9.420929e-08	9.363990e-08
1.604000000000000e+00	1.010243e+00	8.819777e-12	9.420926e-08	9.363990e-08
1.605000000000000e+00	1.010243e+00	8.854601e-12	9.420922e-08	9.363990e-08
1.605999999999999e+00	1.010243e+00	8.890451e-12	9.420918e-08	9.363990e-08
1.606999999999999e+00	1.010243e+00	8.927361e-12	9.420915e-08	9.363990e-08
1.607999999999999e+00	1.010243e+00	8.965361e-12	9.420911e-08	9.363990e-08
1.608999999999999e+00	1.010243e+00	9.004473e-12	9.420907e-08	9.363990e-08
1.609999999999999e+00	1.010243e+00	9.044746e-12	9.420903e-08	9.363990e-08
1.610999999999999e+00	1.010243e+00	9.086201e-12	9.420899e-08	9.363990e-08
1.611999999999999e+00	1.010243e+00	9.128886e-12	9.420894e-08	9.363990e-08
1.612999999999999e+00	1.010243e+00	9.172824e-12	9.420890e-08	9.363990e-08
1.613999999999999e+00	1.010243e+00	9.218061e-12	9.420886e-08	9.363990e-08
1.614999999999998e+00	1.010243e+00	9.264631e-12	9.420881e-08	9.363990e-08
1.615999999999998e+00	1.010243e+00	9.312576e-12	9.420877e-08	9.363990e-08
1.616999999999998e+00	1.010243e+00	9.361931e-12	9.420872e-08	9.363990e-08
1.617999999999998e+00	1.010243e+00	9.412751e-12	9.420866e-08	9.363990e-08
1.618999999999998e+00	1.010243e+00	9.465067e-12	9.420861e-08	9.363990e-08
1.619999999999998e+00	1.010243e+00	9.518922e-12	9.420856e-08	9.363990e-08
1.620999999999998e+00	1.010243e+00	9.574373e-12	9.420850e-08	9.363990e-08
1.621999999999998e+00	1.010243e+00	9.631458e-12	9.420845e-08	9.363990e-08
1.622999999999998e+00	1.010243e+00	9.690229e-12	9.420839e-08	9.363990e-08
1.623999999999997e+00	1.010243e+00	9.750735e-12	9.420832e-08	9.363990e-08
1.624999999999997e+00	1.010243e+00	9.813025e-12	9.420826e-08	9.363990e-08
1.625999999999997e+00	1.010243e+00	9.877156e-12	9.420820e-08	9.363990e-08
1.626999999999997e+00	1.010243e+00	9.943178e-12	9.420813e-08	9.363990e-08
1.627999999999997e+00	1.010243e+00	1.001115e-11	9.420806e-08	9.363990e-08
1.628999999999997e+00	1.010243e+00	1.008113e-11	9.420800e-08	9.363990e-08
1.629999999999997e+00	1.010243e+00	1.015318e-11	9.420792e-08	9.363990e-08
1.630999999999997e+00	1.010243e+00	1.022735e-11	9.420785e-08	9.363990e-08
1.631999999999997e+00	1.010243e+00	1.030371e-11	9.420777e-08	9.363990e-08
1.632999999999996e+00	1.010243e+00	1.038234e-11	9.420769e-08	9.363990e-08
1.633999999999996e+00	1.010243e+00	1.046328e-11	9.420761e-08	9.363990e-08
1.634999999999996e+00	1.010243e+00	1.054661e-11	9.420753e-08	9.363990e-08
1.635999999999996e+00	1.010243e+00	1.063241e-11	9.420744e-08	9.363990e-08
1.636999999999996e+00	1.010243e+00	1.072074e-11	9.420736e-08	9.363990e-08
1.637999999999996e+00	1.010244e+00	1.081168e-11	9.420727e-08	9.363990e-08
1.638999999999996e+00	1.010244e+00	1.090531e-11	9.420717e-08	9.363990e-08
1.639999999999996e+00	1.010244e+00	1.100170e-11	9.420707e-08	9.363990e-08
1.640999999999996e+00	1.010244e+00	1.110094e-11	9.420697e-08	9.363990e-08
1.641999999999995e+00	1.010244e+00	1.120312e-11	9.420688e-08	9.363990e-08
1.642999999999995e+00	1.010244e+00	1.130832e-11	9.420677e-08	9.363990e-08
1.643999999999995e+00	1.010244e+00	1.141662e-11	9.420666e-08	9.363990e-08
1.644999999999995e+00	1.010244e+00	1.152812e-11	9.420655e-08	9.363990e-08
1.645999999999995e+00	1.010244e+00	1.164293e-11	9.420643e-08	9.363990e-08
1.646999999999995e+00	1.010244e+00	1.176113e-11	9.420631e-08	9.363990e-08
1.647999999999995e+00	1.010244e+00	1.188282e-11	9.420619e-08	9.363990e-08
1.648999999999995e+00	1.010244e+00	1.200811e-11	9.420607e-08	9.363990e-08
1.649999999999995e+00	1.010244e+00	1.213711e-11	9.420594e-08	9.363990e-08
1.650999999999994e+00	1.010244e+00	1.226992e-11	9.420581e-08	9.363990e-08
1.651999999999994e+00	1.010244e+00	1.240665e-11	9.420567e-08	9.363990e-08
1.652999999999994e+00	1.010244e+00	1.254743e-11	9.420553e-08	9.363990e-08
1.653999999999994e+00	1.010244e+00	1.269238e-11	9.420539e-08	9.363990e-08
1.654999999999994e+00	1.010244e+00	1.284161e-11	9.420524e-08	9.363990e-08
1.655999999999994e+00	1.010244e+00	1.299526e-11	9.420508e-08	9.363990e-08
1.656999999999994e+00	1.010244e+00	1.315345e-11	9.420493e-08	9.363990e-08
1.657999999999994e+00	1.010244e+00	1.331632e-11	9.420476e-08	9.363990e-08
1.658999999999994e+00	1.010244e+00	1.348401e-11	9.420459e-08	9.363991e-08
1.659999999999993e+00	1.010244e+00	1.365667e-11	9.420442e-08	9.363991e-08
1.660999999999993e+00	1.010245e+00	1.383443e-11	9.420425e-08	9.363991e-08
1.661999999999993e+00	1.010245e+00	1.401745e-11	9.420406e-08	9.363991e-08
1.662999999999993e+00	1.010245e+00	1.420589e-11	9.420388e-08	9.363991e-08
1.663999999999993e+00	1.010245e+00	1.439990e-11	9.420368e-08	9.363991e-08
1.664999999999993e+00	1.010245e+00	1.459966e-11	9.420349e-08	9.363991e-08
1.665999999999993e+00	1.010245e+00	1.480533e-11	9.420328e-08	9.363991e-08
1.666999999999993e+00	1.010245e+00	1.501708e-11	9.420307e-08	9.363991e-08
1.667999999999993e+00	1.010245e+00	1.523512e-11	9.420285e-08	9.363991e-08
1.668999999999992e+00	1.010245e+00	1.545960e-11	9.420263e-08	9.363991e-08
1.669999999999992e+00	1.010245e+00	1.569072e-11	9.420239e-08	9.363991e-08
1.670999999999992e+00	1.010245e+00	1.592870e-11	9.420216e-08	9.363991e-08
1.671999999999992e+00	1.010245e+00	1.617371e-11	9.420191e-08	9.363991e-08
1.672999999999992e+00	1.010245e+00	1.642598e-11	9.420166e-08	9.363991e-08
1.673999999999992e+00	1.010246e+00	1.668573e-11	9.420140e-08	9.363991e-08
1.674999999999992e+00	1.010246e+00	1.695316e-11	9.420113e-08	9.363991e-08
1.675999999999992e+00	1.010246e+00	1.722852e-11	9.420086e-08	9.363991e-08
1.676999999999992e+00	1.010246e+00	1.751204e-11	9.420057e-08	9.363991e-08
1.677999999999991e+00	1.010246e+00	1.780394e-11	9.420028e-08	9.363991e-08
1.678999999999991e+00	1.010246e+00	1.810450e-11	9.419998e-08	9.363991e-08
1.679999999999991e+00	1.010246e+00	1.841396e-11	9.419967e-08	9.363991e-08
1.680999999999991e+00	1.010246e+00	1.873259e-11	9.419936e-08	9.363991e-08
1.681999999999991e+00	1.010246e+00	1.906066e-11	9.419903e-08	9.363992e-08
1.682999999999991e+00	1.010247e+00	1.939845e-11	9.419869e-08	9.363992e-08
1.683999999999991e+00	1.010247e+00	1.974624e-11	9.419834e-08	9.363992e-08
1.684999999999991e+00	1.010247e+00	2.010434e-11	9.419799e-08	9.363992e-08
1.685999999999991e+00	1.010247e+00	2.047306e-11	9.419762e-08	9.363992e-08
1.686999999999991e+00	1.010247e+00	2.085270e-11	9.419724e-08	9.363992e-08
1.687999999999990e+00	1.010247e+00	2.124360e-11	9.419685e-08	9.363992e-08
1.688999999999990e+00	1.010247e+00	2.164607e-11	9.419644e-08	9.363992e-08
1.689999999999990e+00	1.010247e+00	2.206048e-11	9.419603e-08	9.363992e-08
1.690999999999990e+00	1.010248e+00	2.248717e-11	9.419561e-08	9.363992e-08
1.691999999999990e+00	1.010248e+00	2.292651e-11	9.419517e-08	9.363992e-08
1.692999999999990e+00	1.010248e+00	2.337888e-11	9.419472e-08	9.363992e-08
1.693999999999990e+00	1.010248e+00	2.384465e-11	9.419425e-08	9.363992e-08
1.694999999999990e+00	1.010248e+00	2.432423e-11	9.419377e-08	9.363992e-08
1.695999999999990e+00	1.010249e+00	2.481803e-11	9.419328e-08	9.363993e-08
1.696999999999989e+00	1.010249e+00	2.532648e-11	9.419277e-08	9.363993e-08
1.697999999999989e+00	1.010249e+00	2.585000e-11	9.419225e-08	9.363993e-08
1.698999999999989e+00	1.010249e+00	2.638904e-11	9.419171e-08	9.363993e-08
1.699999999999989e+00	1.010249e+00	2.694407e-11	9.419116e-08	9.363993e-08
1.700999999999989e+00	1.010249e+00	2.751556e-11	9.419058e-08	9.363993e-08
1.701999999999989e+00	1.010250e+00	2.810400e-11	9.419000e-08	9.363993e-08
1.702999999999989e+00	1.010250e+00	2.870988e-11	9.418939e-08	9.363993e-08
1.703999999999989e+00	1.010250e+00	2.933374e-11	9.418877e-08	9.363993e-08
1.704999999999989e+00	1.010250e+00	2.997611e-11	9.418813e-08	9.363993e-08
1.705999999999988e+00	1.010251e+00	3.063752e-11	9.418747e-08	9.363993e-08
1.706999999999988e+00	1.010251e+00	3.131856e-11	9.418679e-08	9.363993e-08
1.707999999999988e+00	1.010251e+00	3.201980e-11	9.418608e-08	9.363993e-08
1.708999999999988e+00	1.010251e+00	3.274185e-11	9.418537e-08	9.363993e-08
1.709999999999988e+00	1.010252e+00	3.348531e-11	9.418462e-08	9.363993e-08
1.710999999999988e+00	1.010252e+00	3.425084e-11	9.418386e-08	9.363993e-08
1.711999999999988e+00	1.010252e+00	3.503907e-11	9.418307e-08	9.363993e-08
1.712999999999988e+00	1.010252e+00	3.585069e-11	9.418226e-08	9.363993e-08
1.713999999999988e+00	1.010253e+00	3.668640e-11	9.418142e-08	9.363994e-08
1.714999999999987e+00	1.010253e+00	3.754690e-11	9.418057e-08	9.363994e-08
1.715999999999987e+00	1.010253e+00	3.843294e-11	9.417968e-08	9.363994e-08
1.716999999999987e+00	1.010254e+00	3.934527e-11	9.417877e-08	9.363994e-08
1.717999999999987e+00	1.010254e+00	4.028467e-11	9.417784e-08	9.363994e-08
1.718999999999987e+00	1.010254e+00	4.125196e-11	9.417687e-08	9.363994e-08
1.719999999999987e+00	1.010255e+00	4.224795e-11	9.417587e-08	9.363995e-08
1.720999999999987e+00	1.010255e+00	4.327349e-11	9.417485e-08	9.363995e-08
1.721999999999987e+00	1.010255e+00	4.432948e-11	9.417379e-08	9.363995e-08
1.722999999999987e+00	1.010256e+00	4.541680e-11	9.417271e-08	9.363995e-08
1.723999999999986e+00	1.010256e+00	4.653640e-11	9.417159e-08	9.363995e-08
1.724999999999986e+00	1.010257e+00	4.768923e-11	9.417044e-08	9.363995e-08
1.725999999999986e+00	1.010257e+00	4.887628e-11	9.416925e-08	9.363995e-08
1.726999999999986e+00	1.010258e+00	5.009857e-11	9.416804e-08	9.363995e-08
1.727999999999986e+00	1.010258e+00	5.135714e-11	9.416678e-08	9.363995e-08
1.728999999999986e+00	1.010258e+00	5.265306e-11	9.416549e-08	9.363995e-08
1.729999999999986e+00	1.010259e+00	5.398746e-11	9.416415e-08	9.363996e-08
1.730999999999986e+00	1.010260e+00	5.536147e-11	9.416278e-08	9.363996e-08
1.731999999999986e+00	1.010260e+00	5.677626e-11	9.416136e-08	9.363996e-08
1.732999999999985e+00	1.010260e+00	5.823305e-11	9.415991e-08	9.363996e-08
1.733999999999985e+00	1.010261e+00	5.973309e-11	9.415841e-08	9.363997e-08
1.734999999999985e+00	1.010262e+00	6.127766e-11	9.415687e-08	9.363997e-08
1.735999999999985e+00	1.010262e+00	6.286809e-11	9.415528e-08	9.363997e-08
1.736999999999985e+00	1.010263e+00	6.450573e-11	9.415365e-08	9.363997e-08
1.737999999999985e+00	1.010263e+00	6.619198e-11	9.415196e-08	9.363998e-08
1.738999999999985e+00	1.010264e+00	6.792830e-11	9.415023e-08	9.363998e-08
1.739999999999985e+00	1.010265e+00	6.971616e-11	9.414844e-08	9.363998e-08
1.740999999999985e+00	1.010265e+00	7.155710e-11	9.414661e-08	9.363998e-08
1.741999999999984e+00	1.010266e+00	7.345269e-11	9.414471e-08	9.363998e-08
1.742999999999984e+00	1.010267e+00	7.540456e-11	9.414276e-08	9.363998e-08
1.743999999999984e+00	1.010267e+00	7.741437e-11	9.414076e-08	9.363999e-08
1.744999999999984e+00	1.010268e+00	7.948385e-11	9.413869e-08	9.363999e-08
1.745999999999984e+00	1.010269e+00	8.161476e-11	9.413656e-08	9.363999e-08
1.746999999999984e+00	1.010270e+00	8.380893e-11	9.413437e-08	9.364000e-08
1.747999999999984e+00	1.010270e+00	8.606823e-11	9.413211e-08	9.364000e-08
1.748999999999984e+00	1.010271e+00	8.839460e-11	9.412979e-08	9.364000e-08
1.749999999999984e+00	1.010272e+00	9.079003e-11	9.412740e-08	9.364000e-08
1.750999999999983e+00	1.010273e+00	9.325656e-11	9.412494e-08	9.364000e-08
1.751999999999983e+00	1.010274e+00	9.579630e-11	9.412240e-08	9.364001e-08
1.752999999999983e+00	1.010275e+00	9.841143e-11	9.411979e-08	9.364001e-08
1.753999999999983e+00	1.010276e+00	1.011042e-10	9.411710e-08	9.364002e-08
1.754999999999983e+00	1.010277e+00	1.038769e-10	9.411433e-08	9.364002e-08
1.755999999999983e+00	1.010278e+00	1.067318e-10	9.411148e-08	9.364003e-08
1.756999999999983e+00	1.010279e+00	1.096715e-10	9.410854e-08	9.364003e-08
1.757999999999983e+00	1.010280e+00	1.126984e-10	9.410552e-08	9.364003e-08
1.758999999999983e+00	1.010281e+00	1.158152e-10	9.410241e-08	9.364003e-08
1.759999999999982e+00	1.010282e+00	1.190244e-10	9.409921e-08	9.364004e-08
1.760999999999982e+00	1.010283e+00	1.223289e-10	9.409590e-08	9.364005e-08
1.761999999999982e+00	1.010285e+00	1.257314e-10	9.409251e-08	9.364005e-08
1.762999999999982e+00	1.010286e+00	1.292348e-10	9.408901e-08	9.364005e-08
1.763999999999982e+00	1.010287e+00	1.328422e-10	9.408541e-08	9.364005e-08
1.764999999999982e+00	1.010289e+00	1.365566e-10	9.408170e-08	9.364006e-08
1.765999999999982e+00	1.010290e+00	1.403812e-10	9.407788e-08	9.364007e-08
1.766999999999982e+00	1.010291e+00	1.443192e-10	9.407395e-08	9.364007e-08
1.767999999999982e+00	1.010293e+00	1.483740e-10	9.406990e-08	9.364008e-08
1.768999999999981e+00	1.010294e+00	1.525490e-10	9.406573e-08	9.364008e-08
1.769999999999981e+00	1.010296e+00	1.568479e-10	9.406143e-08	9.364009e-08
1.770999999999981e+00	1.010297e+00	1.612742e-10	9.405701e-08	9.364009e-08
1.771999999999981e+00	1.010299e+00	1.658317e-10	9.405246e-08	9.364010e-08
1.772999999999981e+00	1.010301e+00	1.705244e-10	9.404778e-08	9.364010e-08
1.773999999999981e+00	1.010303e+00	1.753561e-10	9.404295e-08	9.364011e-08
1.774999999999981e+00	1.010304e+00	1.803310e-10	9.403799e-08	9.364012e-08
1.775999999999981e+00	1.010306e+00	1.854534e-10	9.403287e-08	9.364012e-08
1.776999999999981e+00	1.010308e+00	1.907275e-10	9.402760e-08	9.364013e-08
1.777999999999980e+00	1.010310e+00	1.961579e-10	9.402218e-08	9.364014e-08
1.778999999999980e+00	1.010312e+00	2.017491e-10	9.401659e-08	9.364014e-08
1.779999999999980e+00	1.010314e+00	2.075060e-10	9.401084e-08	9.364015e-08
1.780999999999980e+00	1.010316e+00	2.134333e-10	9.400492e-08	9.364016e-08
1.781999999999980e+00	1.010318e+00	2.195361e-10	9.399884e-08	9.364017e-08
1.782999999999980e+00	1.010321e+00	2.258196e-10	9.399255e-08	9.364017e-08
1.783999999999980e+00	1.010323e+00	2.322891e-10	9.398610e-08	9.364018e-08
1.784999999999980e+00	1.010325e+00	2.389500e-10	9.397944e-08	9.364019e-08
1.785999999999980e+00	1.010328e+00	2.458080e-10	9.397260e-08	9.364020e-08
1.786999999999979e+00	1.010330e+00	2.528690e-10	9.396555e-08	9.364020e-08
1.787999999999979e+00	1.010333e+00	2.601387e-10	9.395828e-08	9.364022e-08
1.788999999999979e+00	1.010336e+00	2.676235e-10	9.395081e-08	9.364022e-08
1.789999999999979e+00	1.010338e+00	2.753295e-10	9.394311e-08	9.364023e-08
1.790999999999979e+00	1.010341e+00	2.832633e-10	9.393519e-08	9.364025e-08
1.791999999999979e+00	1.010344e+00	2.914316e-10	9.392704e-08	9.364025e-08
1.792999999999979e+00	1.010347e+00	2.998412e-10	9.391864e-08	9.364027e-08
1.793999999999979e+00	1.010350e+00	3.084992e-10	9.390999e-08	9.364027e-08
1.794999999999979e+00	1.010354e+00	3.174129e-10	9.390109e-08	9.364029e-08
1.795999999999979e+00	1.010357e+00	3.265897e-10	9.389193e-08	9.364030e-08
1.796999999999978e+00	1.010360e+00	3.360374e-10	9.388249e-08	9.364031e-08
1.797999999999978e+00	1.010364e+00	3.457639e-10	9.387278e-08	9.364032e-08
1.798999999999978e+00	1.010367e+00	3.557772e-10	9.386278e-08	9.364034e-08
1.799999999999978e+00	1.010371e+00	3.660859e-10	9.385248e-08	9.364035e-08
1.800999999999978e+00	1.010375e+00	3.766984e-10	9.384189e-08	9.364036e-08
1.801999999999978e+00	1.010379e+00	3.876237e-10	9.383098e-08	9.364037e-08
1.802999999999978e+00	1.010383e+00	3.988708e-10	9.381974e-08	9.364039e-08
1.803999999999978e+00	1.010387e+00	4.104492e-10	9.380818e-08	9.364040e-08
1.804999999999978e+00	1.010391e+00	4.223684e-10	9.379628e-08	9.364042e-08
1.805999999999977e+00	1.010396e+00	4.346384e-10	9.378402e-08	9.364043e-08
1.806999999999977e+00	1.010400e+00	4.472693e-10	9.377141e-08	9.364045e-08
1.807999999999977e+00	1.010405e+00	4.602717e-10	9.375843e-08	9.364047e-08
1.808999999999977e+00	1.010410e+00	4.736562e-10	9.374507e-08	9.364048e-08
1.809999999999977e+00	1.010415e+00	4.874339e-10	9.373130e-08	9.364050e-08
1.810999999999977e+00	1.010420e+00	5.016163e-10	9.371714e-08	9.364052e-08
1.811999999999977e+00	1.010425e+00	5.162150e-10	9.370256e-08	9.364054e-08
1.812999999999977e+00	1.010430e+00	5.312420e-10	9.368755e-08	9.364055e-08
1.813999999999977e+00	1.010436e+00	5.467097e-10	9.367211e-08	9.364057e-08
1.814999999999976e+00	1.010442e+00	5.626307e-10	9.365621e-08	9.364059e-08
1.815999999999976e+00	1.010448e+00	5.790182e-10	9.363985e-08	9.364062e-08
1.816999999999976e+00	1.010454e+00	5.958855e-10	9.362300e-08	9.364064e-08
1.817999999999976e+00	1.010460e+00	6.132464e-10	9.360566e-08	9.364066e-08
1.818999999999976e+00	1.010466e+00	6.311151e-10	9.358782e-08	9.364068e-08
1.819999999999976e+00	1.010473e+00	6.495061e-10	9.356945e-08	9.364070e-08
1.820999999999976e+00	1.010480e+00	6.684343e-10	9.355055e-08	9.364072e-08
1.821999999999976e+00	1.010487e+00	6.879150e-10	9.353110e-08	9.364075e-08
1.822999999999976e+00	1.010494e+00	7.079641e-10	9.351108e-08	9.364077e-08
1.823999999999975e+00	1.010502e+00	7.285978e-10	9.349047e-08	9.364080e-08
1.824999999999975e+00	1.010509e+00	7.498326e-10	9.346927e-08	9.364083e-08
1.825999999999975e+00	1.010517e+00	7.716857e-10	9.344744e-08	9.364086e-08
1.826999999999975e+00	1.010525e+00	7.941745e-10	9.342499e-08	9.364089e-08
1.827999999999975e+00	1.010534e+00	8.173171e-10	9.340187e-08	9.364091e-08
1.828999999999975e+00	1.010542e+00	8.411319e-10	9.337809e-08	9.364094e-08
1.829999999999975e+00	1.010551e+00	8.656380e-10	9.335362e-08	9.364097e-08
1.830999999999975e+00	1.010560e+00	8.908547e-10	9.332844e-08	9.364101e-08
1.831999999999975e+00	1.010570e+00	9.168021e-10	9.330252e-08	9.364103e-08
1.832999999999974e+00	1.010579e+00	9.435006e-10	9.327587e-08	9.364107e-08
1.833999999999974e+00	1.010589e+00	9.709714e-10	9.324843e-08	9.364111e-08
1.834999999999974e+00	1.010599e+00	9.992360e-10	9.322020e-08	9.364114e-08
1.835999999999974e+00	1.010610e+00	1.028317e-09	9.319116e-08	9.364118e-08
1.836999999999974e+00	1.010621e+00	1.058236e-09	9.316128e-08	9.364121e-08
1.837999999999974e+00	1.010632e+00	1.089017e-09	9.313055e-08	9.364125e-08
1.838999999999974e+00	1.010643e+00	1.120684e-09	9.309892e-08	9.364129e-08
1.839999999999974e+00	1.010655e+00	1.153261e-09	9.306639e-08	9.364133e-08
1.840999999999974e+00	1.010667e+00	1.186774e-09	9.303292e-08	9.364138e-08
1.841999999999973e+00	1.010680e+00	1.221248e-09	9.299850e-08	9.364142e-08
1.842999999999973e+00	1.010693e+00	1.256709e-09	9.296308e-08	9.364146e-08
1.843999999999973e+00	1.010706e+00	1.293185e-09	9.292665e-08	9.364151e-08
1.844999999999973e+00	1.010719e+00	1.330704e-09	9.288919e-08	9.364155e-08
1.845999999999973e+00	1.010733e+00	1.369293e-09	9.285065e-08	9.364160e-08
1.846999999999973e+00	1.010748e+00	1.408982e-09	9.281101e-08	9.364165e-08
1.847999999999973e+00	1.010763e+00	1.449801e-09	9.277025e-08	9.364170e-08
1.848999999999973e+00	1.010778e+00	1.491779e-09	9.272833e-08	9.364176e-08
1.849999999999973e+00	1.010794e+00	1.534949e-09	9.268522e-08	9.364181e-08
1.850999999999972e+00	1.010810e+00	1.579342e-09	9.264089e-08	9.364187e-08
1.851999999999972e+00	1.010826e+00	1.624991e-09	9.259530e-08	9.364192e-08
1.852999999999972e+00	1.010843e+00	1.671929e-09	9.254843e-08	9.364199e-08
1.853999999999972e+00	1.010861e+00	1.720191e-09	9.250023e-08	9.364204e-08
1.854999999999972e+00	1.010879e+00	1.769812e-09	9.245068e-08	9.364211e-08
1.855999999999972e+00	1.010898e+00	1.820827e-09	9.239973e-08	9.364217e-08
1.856999999999972e+00	1.010917e+00	1.873273e-09	9.234735e-08	9.364224e-08
1.857999999999972e+00	1.010936e+00	1.927188e-09	9.229351e-08	9.364231e-08
1.858999999999972e+00	1.010957e+00	1.982609e-09	9.223816e-08	9.364238e-08
1.859999999999971e+00	1.010977e+00	2.039575e-09	9.218127e-08	9.364245e-08
1.860999999999971e+00	1.010999e+00	2.098128e-09	9.212280e-08	9.364253e-08
1.861999999999971e+00	1.011021e+00	2.158307e-09	9.206270e-08	9.364260e-08
1.862999999999971e+00	1.011043e+00	2.220154e-09	9.200094e-08	9.364268e-08
1.863999999999971e+00	1.011067e+00	2.283711e-09	9.193747e-08	9.364276e-08
1.864999999999971e+00	1.011090e+00	2.349023e-09	9.187224e-08	9.364284e-08
1.865999999999971e+00	1.011115e+00	2.416132e-09	9.180522e-08	9.364292e-08
1.866999999999971e+00	1.011140e+00	2.485084e-09	9.173636e-08	9.364302e-08
1.867999999999971e+00	1.011166e+00	2.555926e-09	9.166562e-08	9.364310e-08
1.868999999999970e+00	1.011193e+00	2.628703e-09	9.159294e-08	9.364319e-08
1.869999999999970e+00	1.011220e+00	2.703465e-09	9.151827e-08	9.364329e-08
1.870999999999970e+00	1.011248e+00	2.780258e-09	9.144158e-08	9.364339e-08
1.871999999999970e+00	1.011277e+00	2.859134e-09	9.136281e-08	9.364349e-08
1.872999999999970e+00	1.011307e+00	2.940142e-09	9.128191e-08	9.364359e-08
1.873999999999970e+00	1.011338e+00	3.023333e-09	9.119884e-08	9.364370e-08
1.874999999999970e+00	1.011369e+00	3.108760e-09	9.111352e-08	9.364381e-08
1.875999999999970e+00	1.011402e+00	3.196476e-09	9.102592e-08	9.364392e-08
1.876999999999970e+00	1.011435e+00	3.286535e-09	9.093598e-08	9.364403e-08
1.877999999999969e+00	1.011469e+00	3.378992e-09	9.084365e-08	9.364415e-08
1.878999999999969e+00	1.011504e+00	3.473901e-09	9.074886e-08	9.364427e-08
1.879999999999969e+00	1.011540e+00	3.571321e-09	9.065158e-08	9.364440e-08
1.880999999999969e+00	1.011577e+00	3.671308e-09	9.055172e-08	9.364453e-08
1.881999999999969e+00	1.011615e+00	3.773920e-09	9.044925e-08	9.364466e-08
1.882999999999969e+00	1.011654e+00	3.879217e-09	9.034409e-08	9.364479e-08
1.883999999999969e+00	1.011694e+00	3.987257e-09	9.023619e-08	9.364494e-08
1.884999999999969e+00	1.011735e+00	4.098103e-09	9.012549e-08	9.364508e-08
1.885999999999969e+00	1.011778e+00	4.211814e-09	9.001193e-08	9.364523e-08
1.886999999999968e+00	1.011821e+00	4.328454e-09	8.989544e-08	9.364538e-08
1.887999999999968e+00	1.011866e+00	4.448085e-09	8.977597e-08	9.364553e-08
1.888999999999968e+00	1.011912e+00	4.570770e-09	8.965345e-08	9.364569e-08
1.889999999999968e+00	1.011958e+00	4.696573e-09	8.952782e-08	9.364585e-08
1.890999999999968e+00	1.012007e+00	4.825560e-09	8.939899e-08	9.364602e-08
1.891999999999968e+00	1.012056e+00	4.957795e-09	8.926693e-08	9.364619e-08
1.892999999999968e+00	1.012107e+00	5.093345e-09	8.913157e-08	9.364636e-08
1.893999999999968e+00	1.012159e+00	5.232276e-09	8.899282e-08	9.364655e-08
1.894999999999968e+00	1.012213e+00	5.374654e-09	8.885063e-08	9.364673e-08
1.895999999999967e+00	1.012268e+00	5.520548e-09	8.870492e-08	9.364692e-08
1.896999999999967e+00	1.012324e+00	5.670024e-09	8.855564e-08	9.364712e-08
1.897999999999967e+00	1.012382e+00	5.823152e-09	8.840272e-08	9.364732e-08
1.898999999999967e+00	1.012441e+00	5.979998e-09	8.824608e-08	9.364752e-08
1.899999999999967e+00	1.012502e+00	6.140633e-09	8.808566e-08	9.364773e-08
1.900999999999967e+00	1.012564e+00	6.305124e-09	8.792138e-08	9.364795e-08
1.901999999999967e+00	1.012628e+00	6.473541e-09	8.775318e-08	9.364817e-08
1.902999999999967e+00	1.012694e+00	6.645953e-09	8.758099e-08	9.364840e-08
1.903999999999967e+00	1.012761e+00	6.822428e-09	8.740475e-08	9.364863e-08
1.904999999999966e+00	1.012830e+00	7.003036e-09	8.722438e-08	9.364886e-08
1.905999999999966e+00	1.012900e+00	7.187845e-09	8.703981e-08	9.364911e-08
1.906999999999966e+00	1.012973e+00	7.376925e-09	8.685098e-08	9.364936e-08
1.907999999999966e+00	1.013047e+00	7.570343e-09	8.665781e-08	9.364962e-08
1.908999999999966e+00	1.013123e+00	7.768167e-09	8.646025e-08	9.364988e-08
1.909999999999966e+00	1.013201e+00	7.970467e-09	8.625821e-08	9.365015e-08
1.910999999999966e+00	1.013280e+00	8.177307e-09	8.605164e-08	9.365043e-08
1.911999999999966e+00	1.013362e+00	8.388755e-09	8.584047e-08	9.365071e-08
1.912999999999966e+00	1.013446e+00	8.604878e-09	8.562463e-08	9.365100e-08
1.913999999999966e+00	1.013531e+00	8.825738e-09	8.540405e-08	9.365130e-08
1.914999999999965e+00	1.013619e+00	9.051402e-09	8.517868e-08	9.365160e-08
1.915999999999965e+00	1.013709e+00	9.281933e-09	8.494845e-08	9.365191e-08
1.916999999999965e+00	1.013801e+00	9.517393e-09	8.471330e-08	9.365223e-08
1.917999999999965e+00	1.013895e+00	9.757843e-09	8.447316e-08	9.365256e-08
1.918999999999965e+00	1.013991e+00	1.000334e-08	8.422798e-08	9.365289e-08
1.919999999999965e+00	1.014090e+00	1.025395e-08	8.397770e-08	9.365323e-08
1.920999999999965e+00	1.014191e+00	1.050973e-08	8.372225e-08	9.365358e-08
1.921999999999965e+00	1.014294e+00	1.077073e-08	8.346159e-08	9.365394e-08
1.922999999999965e+00	1.014400e+00	1.103700e-08	8.319567e-08	9.365431e-08
1.923999999999964e+00	1.014508e+00	1.130860e-08	8.292441e-08	9.365468e-08
1.924999999999964e+00	1.014618e+00	1.158559e-08	8.264779e-08	9.365506e-08
1.925999999999964e+00	1.014731e+00	1.186800e-08	8.236574e-08	9.365545e-08
1.926999999999964e+00	1.014846e+00	1.215589e-08	8.207823e-08	9.365585e-08
1.927999999999964e+00	1.014964e+00	1.244929e-08	8.178520e-08	9.365626e-08
1.928999999999964e+00	1.015085e+00	1.274827e-08	8.148662e-08	9.365667e-08
1.929999999999964e+00	1.015208e+00	1.305284e-08	8.118243e-08	9.365710e-08
1.930999999999964e+00	1.015333e+00	1.336305e-08	8.087262e-08	9.365753e-08
1.931999999999964e+00	1.015462e+00	1.367895e-08	8.055714e-08	9.365798e-08
1.932999999999963e+00	1.015593e+00	1.400055e-08	8.023596e-08	9.365844e-08
1.933999999999963e+00	1.015727e+00	1.432789e-08	7.990904e-08	9.365890e-08
1.934999999999963e+00	1.015864e+00	1.466099e-08	7.957637e-08	9.365937e-08
1.935999999999963e+00	1.016004e+00	1.499989e-08	7.923791e-08	9.365986e-08
1.936999999999963e+00	1.016147e+00	1.534460e-08	7.889364e-08	9.366035e-08
1.937999999999963e+00	1.016292e+00	1.569514e-08	7.854356e-08	9.366085e-08
1.938999999999963e+00	1.016441e+00	1.605153e-08	7.818763e-08	9.366137e-08
1.939999999999963e+00	1.016592e+00	1.641378e-08	7.782585e-08	9.366190e-08
1.940999999999963e+00	1.016747e+00	1.678190e-08	7.745821e-08	9.366243e-08
1.941999999999962e+00	1.016905e+00	1.715589e-08	7.708471e-08	9.366298e-08
1.942999999999962e+00	1.017066e+00	1.753575e-08	7.670534e-08	9.366353e-08
1.943999999999962e+00	1.017230e+00	1.792149e-08	7.632010e-08	9.366410e-08
1.944999999999962e+00	1.017397e+00	1.831309e-08	7.592900e-08	9.366467e-08
1.945999999999962e+00	1.017567e+00	1.871056e-08	7.553206e-08	9.366526e-08
1.946999999999962e+00	1.017741e+00	1.911387e-08	7.512926e-08	9.366587e-08
1.947999999999962e+00	1.017918e+00	1.952302e-08	7.472065e-08	9.366648e-08
1.948999999999962e+00	1.018098e+00	1.993798e-08	7.430624e-08	9.366710e-08
1.949999999999962e+00	1.018282e+00	2.035873e-08	7.388604e-08	9.366774e-08
1.950999999999961e+00	1.018469e+00	2.078524e-08	7.346009e-08	9.366838e-08
1.951999999999961e+00	1.018660e+00	2.121747e-08	7.302842e-08	9.366904e-08
1.952999999999961e+00	1.018854e+00	2.165541e-08	7.259106e-08	9.366971e-08
1.953999999999961e+00	1.019052e+00	2.209899e-08	7.214805e-08	9.367039e-08
1.954999999999961e+00	1.019253e+00	2.254819e-08	7.169944e-08	9.367109e-08
1.955999999999961e+00	1.019457e+00	2.300296e-08	7.124527e-08	9.367180e-08
1.956999999999961e+00	1.019666e+00	2.346323e-08	7.078560e-08	9.367252e-08
1.957999999999961e+00	1.019878e+00	2.392897e-08	7.032049e-08	9.367325e-08
1.958999999999961e+00	1.020093e+00	2.440010e-08	6.984997e-08	9.367400e-08
1.959999999999960e+00	1.020312e+00	2.487657e-08	6.937414e-08	9.367476e-08
1.960999999999960e+00	1.020535e+00	2.535831e-08	6.889304e-08	9.367552e-08
1.961999999999960e+00	1.020762e+00	2.584525e-08	6.840675e-08	9.367631e-08
1.962999999999960e+00	1.020992e+00	2.633730e-08	6.791534e-08	9.367710e-08
1.963999999999960e+00	1.021227e+00	2.683440e-08	6.741891e-08	9.367791e-08
1.964999999999960e+00	1.021465e+00	2.733647e-08	6.691752e-08	9.367874e-08
1.965999999999960e+00	1.021706e+00	2.784340e-08	6.641127e-08	9.367957e-08
1.966999999999960e+00	1.021952e+00	2.835512e-08	6.590023e-08	9.368042e-08
1.967999999999960e+00	1.022202e+00	2.887153e-08	6.538452e-08	9.368128e-08
1.968999999999959e+00	1.022455e+00	2.939253e-08	6.486422e-08	9.368215e-08
1.969999999999959e+00	1.022713e+00	2.991802e-08	6.433945e-08	9.368304e-08
1.970999999999959e+00	1.022974e+00	3.044790e-08	6.381030e-08	9.368394e-08
1.971999999999959e+00	1.023240e+00	3.098205e-08	6.327687e-08	9.368486e-08
1.972999999999959e+00	1.023509e+00	3.152037e-08	6.273930e-08	9.368579e-08
1.973999999999959e+00	1.023782e+00	3.206273e-08	6.219768e-08	9.368674e-08
1.974999999999959e+00	1.024060e+00	3.260903e-08	6.165214e-08	9.368769e-08
1.975999999999959e+00	1.024341e+00	3.315913e-08	6.110280e-08	9.368866e-08
1.976999999999959e+00	1.024627e+00	3.371292e-08	6.054978e-08	9.368965e-08
1.977999999999958e+00	1.024917e+00	3.427026e-08	5.999321e-08	9.369064e-08
1.978999999999958e+00	1.025210e+00	3.483103e-08	5.943323e-08	9.369166e-08
1.979999999999958e+00	1.025508e+00	3.539509e-08	5.886997e-08	9.369269e-08
1.980999999999958e+00	1.025810e+00	3.596230e-08	5.830356e-08	9.369373e-08
1.981999999999958e+00	1.026116e+00	3.653253e-08	5.773414e-08	9.369479e-08
1.982999999999958e+00	1.026426e+00	3.710563e-08	5.716186e-08	9.369585e-08
1.983999999999958e+00	1.026741e+00	3.768146e-08	5.658685e-08	9.369694e-08
1.984999999999958e+00	1.027059e+00	3.825988e-08	5.600927e-08	9.369803e-08
1.985999999999958e+00	1.027382e+00	3.884074e-08	5.542926e-08	9.369915e-08
1.986999999999957e+00	1.027709e+00	3.942387e-08	5.484697e-08	9.370027e-08
1.987999999999957e+00	1.028040e+00	4.000914e-08	5.426256e-08	9.370142e-08
1.988999999999957e+00	1.028376e+00	4.059639e-08	5.367618e-08	9.370257e-08
1.989999999999957e+00	1.028715e+00	4.118547e-08	5.308798e-08	9.370374e-08
1.990999999999957e+00	1.029059e+00	4.177621e-08	5.249812e-08	9.370493e-08
1.991999999999957e+00	1.029407e+00	4.236846e-08	5.190676e-08	9.370613e-08
1.992999999999957e+00	1.029760e+00	4.296205e-08	5.131407e-08	9.370734e-08
1.993999999999957e+00	1.030116e+00	4.355683e-08	5.072019e-08	9.370856e-08
1.994999999999957e+00	1.030477e+00	4.415264e-08	5.012530e-08	9.370981e-08
1.995999999999956e+00	1.030842e+00	4.474931e-08	4.952956e-08	9.371107e-08
1.996999999999956e+00	1.031212e+00	4.534668e-08	4.893312e-08	9.371234e-08
1.997999999999956e+00	1.031585e+00	4.594457e-08	4.833616e-08	9.371362e-08
1.998999999999956e+00	1.031963e+00	4.654284e-08	4.773884e-08	9.371492e-08
1.999999999999956e+00	1.032346e+00	4.714132e-08	4.714132e-08	9.371624e-08
2.000999999999956e+00	1.032732e+00	4.773983e-08	4.654377e-08	9.371757e-08
2.001999999999956e+00	1.033123e+00	4.833822e-08	4.594635e-08	9.371891e-08
2.002999999999956e+00	1.033518e+00	4.893631e-08	4.534924e-08	9.372027e-08
2.003999999999956e+00	1.033917e+00	4.953395e-08	4.475259e-08	9.372165e-08
2.004999999999955e+00	1.034321e+00	5.013097e-08	4.415656e-08	9.372303e-08
2.005999999999955e+00	1.034728e+00	5.072720e-08	4.356134e-08	9.372443e-08
2.006999999999955e+00	1.035141e+00	5.132249e-08	4.296706e-08	9.372585e-08
2.007999999999955e+00	1.035557e+00	5.191666e-08	4.237391e-08	9.372728e-08
2.008999999999955e+00	1.035977e+00	5.250956e-08	4.178203e-08	9.372873e-08
2.009999999999955e+00	1.036402e+00	5.310103e-08	4.119160e-08	9.373019e-08
2.010999999999955e+00	1.036831e+00	5.369091e-08	4.060276e-08	9.373166e-08
2.011999999999955e+00	1.037265e+00	5.427903e-08	4.001569e-08	9.373315e-08
2.012999999999955e+00	1.037702e+00	5.486525e-08	3.943053e-08	9.373465e-08
2.013999999999954e+00	1.038144e+00	5.544941e-08	3.884744e-08	9.373617e-08
2.014999999999954e+00	1.038590e+00	5.603136e-08	3.826657e-08	9.373770e-08
2.015999999999954e+00	1.039040e+00	5.661093e-08	3.768808e-08	9.373925e-08
2.016999999999954e+00	1.039495e+00	5.718800e-08	3.711211e-08	9.374080e-08
2.017999999999954e+00	1.039953e+00	5.776239e-08	3.653881e-08	9.374238e-08
2.018999999999954e+00	1.040416e+00	5.833398e-08	3.596833e-08	9.374396e-08
2.019999999999954e+00	1.040883e+00	5.890262e-08	3.540081e-08	9.374557e-08
2.020999999999954e+00	1.041354e+00	5.946817e-08	3.483639e-08	9.374718e-08
2.021999999999954e+00	1.041829e+00	6.003049e-08	3.427520e-08	9.374882e-08
2.022999999999954e+00	1.042309e+00	6.058944e-08	3.371739e-08	9.375046e-08
2.023999999999953e+00	1.042792e+00	6.114490e-08	3.316308e-08	9.375211e-08
2.024999999999953e+00	1.043280e+00	6.169673e-08	3.261241e-08	9.375378e-08
2.025999999999953e+00	1.043771e+00	6.224481e-08	3.206550e-08	9.375547e-08
2.026999999999953e+00	1.044267e+00	6.278901e-08	3.152247e-08	9.375717e-08
2.027999999999953e+00	1.044766e+00	6.332922e-08	3.098345e-08	9.375888e-08
2.028999999999953e+00	1.045270e+00	6.386531e-08	3.044855e-08	9.376060e-08
2.029999999999953e+00	1.045778e+00	6.439718e-08	2.991788e-08	9.376235e-08
2.030999999999953e+00	1.046289e+00	6.492471e-08	2.939156e-08	9.376409e-08
2.031999999999953e+00	1.046805e+00	6.544779e-08	2.886970e-08	9.376586e-08
2.032999999999952e+00	1.047325e+00	6.596632e-08	2.835239e-08	9.376764e-08
2.033999999999952e+00	1.047848e+00	6.648020e-08	2.783974e-08	9.376943e-08
2.034999999999952e+00	1.048376e+00	6.698935e-08	2.733184e-08	9.377123e-08
2.035999999999952e+00	1.048907e+00	6.749366e-08	2.682878e-08	9.377305e-08
2.036999999999952e+00	1.049442e+00	6.799304e-08	2.633066e-08	9.377489e-08
2.037999999999952e+00	1.049981e+00	6.848741e-08	2.583755e-08	9.377673e-08
2.038999999999952e+00	1.050524e+00	6.897669e-08	2.534955e-08	9.377858e-08
2.039999999999952e+00	1.051070e+00	6.946080e-08	2.486672e-08	9.378045e-08
2.040999999999952e+00	1.051620e+00	6.993968e-08	2.438914e-08	9.378233e-08
2.041999999999951e+00	1.052174e+00	7.041324e-08	2.391688e-08	9.378422e-08
2.042999999999951e+00	1.052732e+00	7.088143e-08	2.345000e-08	9.378613e-08
2.043999999999951e+00	1.053293e+00	7.134418e-08	2.298856e-08	9.378805e-08
2.044999999999951e+00	1.053858e+00	7.180144e-08	2.253263e-08	9.378998e-08
2.045999999999951e+00	1.054427e+00	7.225316e-08	2.208225e-08	9.379192e-08
2.046999999999951e+00	1.054999e+00	7.269928e-08	2.163748e-08	9.379387e-08
2.047999999999951e+00	1.055575e+00	7.313975e-08	2.119835e-08	9.379583e-08
2.048999999999951e+00	1.056154e+00	7.357455e-08	2.076492e-08	9.379782e-08
2.049999999999951e+00	1.056737e+00	7.400363e-08	2.033721e-08	9.379980e-08
2.050999999999950e+00	1.057323e+00	7.442696e-08	1.991526e-08	9.380180e-08
2.051999999999950e+00	1.057912e+00	7.484450e-08	1.949910e-08	9.380381e-08
2.052999999999950e+00	1.058505e+00	7.525624e-08	1.908876e-08	9.380583e-08
2.053999999999950e+00	1.059102e+00	7.566215e-08	1.868425e-08	9.380787e-08
2.054999999999950e+00	1.059701e+00	7.606221e-08	1.828559e-08	9.380991e-08
2.055999999999950e+00	1.060304e+00	7.645642e-08	1.789281e-08	9.381196e-08
2.056999999999950e+00	1.060910e+00	7.684476e-08	1.750590e-08	9.381403e-08
2.057999999999950e+00	1.061520e+00	7.722722e-08	1.712487e-08	9.381611e-08
2.058999999999950e+00	1.062132e+00	7.760380e-08	1.674974e-08	9.381819e-08
2.059999999999949e+00	1.062748e+00	7.797450e-08	1.638049e-08	9.382029e-08
2.060999999999949e+00	1.063367e+00	7.833933e-08	1.601712e-08	9.382239e-08
2.061999999999949e+00	1.063988e+00	7.869829e-08	1.565963e-08	9.382451e-08
2.062999999999949e+00	1.064613e+00	7.905140e-08	1.530800e-08	9.382664e-08
2.063999999999949e+00	1.065241e+00	7.939866e-08	1.496222e-08	9.382877e-08
2.064999999999949e+00	1.065872e+00	7.974010e-08	1.462227e-08	9.383092e-08
2.065999999999949e+00	1.066506e+00	8.007573e-08	1.428814e-08	9.383307e-08
2.066999999999949e+00	1.067142e+00	8.040558e-08	1.395979e-08	9.383524e-08
2.067999999999949e+00	1.067782e+00	8.072968e-08	1.363721e-08	9.383741e-08
2.068999999999948e+00	1.068424e+00	8.104806e-08	1.332036e-08	9.383960e-08
2.069999999999948e+00	1.069069e+00	8.136073e-08	1.300921e-08	9.384178e-08
2.070999999999948e+00	1.069717e+00	8.166776e-08	1.270373e-08	9.384399e-08
2.071999999999948e+00	1.070367e+00	8.196916e-08	1.240387e-08	9.384620e-08
2.072999999999948e+00	1.071020e+00	8.226498e-08	1.210961e-08	9.384841e-08
2.073999999999948e+00	1.071676e+00	8.255525e-08	1.182089e-08	9.385064e-08
2.074999999999948e+00	1.072334e+00	8.284003e-08	1.153768e-08	9.385288e-08
2.075999999999948e+00	1.072995e+00	8.311936e-08	1.125992e-08	9.385511e-08
2.076999999999948e+00	1.073658e+00	8.339330e-08	1.098757e-08	9.385737e-08
2.077999999999947e+00	1.074324e+00	8.366187e-08	1.072058e-08	9.385963e-08
2.078999999999947e+00	1.074992e+00	8.392515e-08	1.045890e-08	9.386189e-08
2.079999999999947e+00	1.075662e+00	8.418318e-08	1.020247e-08	9.386416e-08
2.080999999999947e+00	1.076335e+00	8.443603e-08	9.951231e-09	9.386644e-08
2.081999999999947e+00	1.077011e+00	8.468374e-08	9.705134e-09	9.386873e-08
2.082999999999947e+00	1.077688e+00	8.492638e-08	9.464119e-09	9.387102e-08
2.083999999999947e+00	1.078367e+00	8.516400e-08	9.228124e-09	9.387333e-08
2.084999999999947e+00	1.079049e+00	8.539668e-08	8.997088e-09	9.387563e-08
2.085999999999947e+00	1.079733e+00	8.562446e-08	8.770949e-09	9.387795e-08
2.086999999999946e+00	1.080419e+00	8.584741e-08	8.549644e-09	9.388027e-08
2.087999999999946e+00	1.081107e+00	8.606560e-08	8.333108e-09	9.388260e-08
2.088999999999946e+00	1.081797e+00	8.627910e-08	8.121275e-09	9.388494e-08
2.089999999999946e+00	1.082489e+00	8.648796e-08	7.914081e-09	9.388728e-08
2.090999999999946e+00	1.083184e+00	8.669225e-08	7.711457e-09	9.388962e-08
2.091999999999946e+00	1.083880e+00	8.689206e-08	7.513337e-09	9.389198e-08
2.092999999999946e+00	1.084577e+00	8.708742e-08	7.319653e-09	9.389434e-08
2.093999999999946e+00	1.085277e+00	8.727843e-08	7.130336e-09	9.389670e-08
2.094999999999946e+00	1.085979e+00	8.746515e-08	6.945317e-09	9.389908e-08
2.095999999999945e+00	1.086682e+00	8.764763e-08	6.764528e-09	9.390145e-08
2.096999999999945e+00	1.087387e+00	8.782597e-08	6.587900e-09	9.390383e-08
2.097999999999945e+00	1.088094e+00	8.800022e-08	6.415362e-09	9.390622e-08
2.098999999999945e+00	1.088802e+00	8.817045e-08	6.246846e-09	9.390860e-08
2.099999999999945e+00	1.089512e+00	8.833674e-08	6.082281e-09	9.391100e-08
2.100999999999945e+00	1.090224e+00	8.849915e-08	5.921599e-09	9.391340e-08
2.101999999999945e+00	1.090937e+00	8.865776e-08	5.764730e-09	9.391581e-08
2.102999999999945e+00	1.091652e+00	8.881262e-08	5.611605e-09	9.391822e-08
2.103999999999945e+00	1.092368e+00	8.896381e-08	5.462155e-09	9.392063e-08
2.104999999999944e+00	1.093086e+00	8.911140e-08	5.316312e-09	9.392305e-08
2.105999999999944e+00	1.093805e+00	8.925546e-08	5.174007e-09	9.392548e-08
2.106999999999944e+00	1.094525e+00	8.939605e-08	5.035171e-09	9.392790e-08
2.107999999999944e+00	1.095248e+00	8.953324e-08	4.899739e-09	9.393033e-08
2.108999999999944e+00	1.095971e+00	8.966710e-08	4.767642e-09	9.393277e-08
2.109999999999944e+00	1.096695e+00	8.979770e-08	4.638815e-09	9.393521e-08
2.110999999999944e+00	1.097421e+00	8.992509e-08	4.513191e-09	9.393765e-08
2.111999999999944e+00	1.098149e+00	9.004936e-08	4.390704e-09	9.394010e-08
2.112999999999944e+00	1.098877e+00	9.017056e-08	4.271291e-09	9.394255e-08
2.113999999999943e+00	1.099607e+00	9.028874e-08	4.154887e-09	9.394500e-08
2.114999999999943e+00	1.100338e+00	9.040399e-08	4.041428e-09	9.394746e-08
2.115999999999943e+00	1.101069e+00	9.051637e-08	3.930852e-09	9.394992e-08
2.116999999999943e+00	1.101803e+00	9.062592e-08	3.823097e-09	9.395239e-08
2.117999999999943e+00	1.102537e+00	9.073271e-08	3.718103e-09	9.395485e-08
2.118999999999943e+00	1.103272e+00	9.083681e-08	3.615807e-09	9.395733e-08
2.119999999999943e+00	1.104008e+00	9.093827e-08	3.516152e-09	9.395980e-08
2.120999999999943e+00	1.104746e+00	9.103716e-08	3.419077e-09	9.396227e-08
2.121999999999943e+00	1.105484e+00	9.113353e-08	3.324525e-09	9.396475e-08
2.122999999999942e+00	1.106223e+00	9.122743e-08	3.232440e-09	9.396723e-08
2.123999999999942e+00	1.106964e+00	9.131893e-08	3.142763e-09	9.396972e-08
2.124999999999942e+00	1.107705e+00	9.140808e-08	3.055442e-09	9.397220e-08
2.125999999999942e+00	1.108447e+00	9.149493e-08	2.970419e-09	9.397469e-08
2.126999999999942e+00	1.109190e+00	9.157953e-08	2.887643e-09	9.397719e-08
2.127999999999942e+00	1.109934e+00	9.166195e-08	2.807061e-09	9.397968e-08
2.128999999999942e+00	1.110679e+00	9.174222e-08	2.728620e-09	9.398217e-08
2.129999999999942e+00	1.111424e+00	9.182041e-08	2.652269e-09	9.398467e-08
2.130999999999942e+00	1.112171e+00	9.189657e-08	2.577959e-09	9.398717e-08
2.131999999999941e+00	1.112918e+00	9.197073e-08	2.505640e-09	9.398967e-08
2.132999999999941e+00	1.113666e+00	9.204295e-08	2.435265e-09	9.399218e-08
2.133999999999941e+00	1.114415e+00	9.211328e-08	2.366785e-09	9.399468e-08
2.134999999999941e+00	1.115164e+00	9.218176e-08	2.300154e-09	9.399719e-08
2.135999999999941e+00	1.115914e+00	9.224844e-08	2.235327e-09	9.399970e-08
2.136999999999941e+00	1.116665e+00	9.231337e-08	2.172259e-09	9.400221e-08
2.137999999999941e+00	1.117417e+00	9.237658e-08	2.110907e-09	9.400473e-08
2.138999999999941e+00	1.118169e+00	9.243812e-08	2.051227e-09	9.400723e-08
2.139999999999941e+00	1.118922e+00	9.249803e-08	1.993177e-09	9.400976e-08
2.140999999999941e+00	1.119675e+00	9.255636e-08	1.936717e-09	9.401227e-08
2.141999999999940e+00	1.120429e+00	9.261314e-08	1.881805e-09	9.401479e-08
2.142999999999940e+00	1.121184e+00	9.266842e-08	1.828403e-09	9.401731e-08
2.143999999999940e+00	1.121939e+00	9.272222e-08	1.776471e-09	9.401983e-08
2.144999999999940e+00	1.122695e+00	9.277459e-08	1.725973e-09	9.402235e-08
2.145999999999940e+00	1.123451e+00	9.282557e-08	1.676870e-09	9.402488e-08
2.146999999999940e+00	1.124208e+00	9.287519e-08	1.629128e-09	9.402741e-08
2.147999999999940e+00	1.124966e+00	9.292349e-08	1.582710e-09	9.402993e-08
2.148999999999940e+00	1.125724e+00	9.297050e-08	1.537582e-09	9.403246e-08
2.149999999999940e+00	1.126482e+00	9.301625e-08	1.493711e-09	9.403499e-08
2.150999999999939e+00	1.127241e+00	9.306078e-08	1.451063e-09	9.403752e-08
2.151999999999939e+00	1.128001e+00	9.310413e-08	1.409605e-09	9.404005e-08
2.152999999999939e+00	1.128761e+00	9.314631e-08	1.369308e-09	9.404258e-08
2.153999999999939e+00	1.129521e+00	9.318737e-08	1.330139e-09	9.404511e-08
2.154999999999939e+00	1.130282e+00	9.322734e-08	1.292069e-09	9.404764e-08
2.155999999999939e+00	1.131043e+00	9.326623e-08	1.255068e-09	9.405018e-08
2.156999999999939e+00	1.131805e+00	9.330408e-08	1.219108e-09	9.405272e-08
2.157999999999939e+00	1.132567e+00	9.334092e-08	1.184162e-09	9.405525e-08
2.158999999999939e+00	1.133329e+00	9.337678e-08	1.150200e-09	9.405779e-08
2.159999999999938e+00	1.134092e+00	9.341169e-08	1.117198e-09	9.406033e-08
2.160999999999938e+00	1.134856e+00	9.344566e-08	1.085129e-09	9.406286e-08
2.161999999999938e+00	1.135619e+00	9.347872e-08	1.053968e-09	9.406540e-08
2.162999999999938e+00	1.136383e+00	9.351090e-08	1.023690e-09	9.406794e-08
2.163999999999938e+00	1.137147e+00	9.354222e-08	9.942713e-10	9.407048e-08
2.164999999999938e+00	1.137912e+00	9.357271e-08	9.656881e-10	9.407302e-08
2.165999999999938e+00	1.138677e+00	9.360238e-08	9.379176e-10	9.407556e-08
2.166999999999938e+00	1.139443e+00	9.363127e-08	9.109378e-10	9.407810e-08
2.167999999999938e+00	1.140208e+00	9.365939e-08	8.847266e-10	9.408064e-08
2.168999999999937e+00	1.140974e+00	9.368677e-08	8.592631e-10	9.408318e-08
2.169999999999937e+00	1.141740e+00	9.371341e-08	8.345266e-10	9.408573e-08
2.170999999999937e+00	1.142507e+00	9.373935e-08	8.104969e-10	9.408826e-08
2.171999999999937e+00	1.143274e+00	9.376460e-08	7.871546e-10	9.409081e-08
2.172999999999937e+00	1.144041e+00	9.378920e-08	7.644805e-10	9.409335e-08
2.173999999999937e+00	1.144809e+00	9.381314e-08	7.424560e-10	9.409590e-08
2.174999999999937e+00	1.145576e+00	9.383644e-08	7.210632e-10	9.409844e-08
2.175999999999937e+00	1.146344e+00	9.385914e-08	7.002844e-10	9.410098e-08
2.176999999999937e+00	1.147112e+00	9.388123e-08	6.801024e-10	9.410353e-08
2.177999999999936e+00	1.147881e+00	9.390276e-08	6.605004e-10	9.410607e-08
2.178999999999936e+00	1.148650e+00	9.392371e-08	6.414624e-10	9.410861e-08
2.179999999999936e+00	1.149419e+00	9.394412e-08	6.229725e-10	9.411117e-08
2.180999999999936e+00	1.150188e+00	9.396400e-08	6.050152e-10	9.411371e-08
2.181999999999936e+00	1.150957e+00	9.398336e-08	5.875756e-10	9.411625e-08
2.182999999999936e+00	1.151727e+00	9.400222e-08	5.706391e-10	9.411880e-08
2.183999999999936e+00	1.152497e+00	9.402059e-08	5.541915e-10	9.412134e-08
2.184999999999936e+00	1.153267e+00	9.403848e-08	5.382190e-10	9.412389e-08
2.185999999999936e+00	1.154037e+00	9.405592e-08	5.227082e-10	9.412643e-08
2.186999999999935e+00	1.154808e+00	9.407291e-08	5.076459e-10	9.412898e-08
2.187999999999935e+00	1.155578e+00	9.408947e-08	4.930195e-10	9.413152e-08
2.188999999999935e+00	1.156349e+00	9.410559e-08	4.788165e-10	9.413407e-08
2.189999999999935e+00	1.157120e+00	9.412131e-08	4.650251e-10	9.413662e-08
2.190999999999935e+00	1.157891e+00	9.413663e-08	4.516334e-10	9.413916e-08
2.191999999999935e+00	1.158663e+00	9.415156e-08	4.386301e-10	9.414170e-08
2.192999999999935e+00	1.159434e+00	9.416612e-08	4.260041e-10	9.414426e-08
2.193999999999935e+00	1.160206e+00	9.418031e-08	4.137446e-10	9.414680e-08
2.194999999999935e+00	1.160978e+00	9.419414e-08	4.018413e-10	9.414934e-08
2.195999999999934e+00	1.161750e+00	9.420763e-08	3.902838e-10	9.415189e-08
2.196999999999934e+00	1.162523e+00	9.422078e-08	3.790623e-10	9.415443e-08
2.197999999999934e+00	1.163295e+00	9.423361e-08	3.681673e-10	9.415698e-08
2.198999999999934e+00	1.164068e+00	9.424612e-08	3.575892e-10	9.415952e-08
2.199999999999934e+00	1.164840e+00	9.425832e-08	3.473191e-10	9.416207e-08
2.200999999999934e+00	1.165613e+00	9.427023e-08	3.373481e-10	9.416461e-08
2.201999999999934e+00	1.166386e+00	9.428184e-08	3.276676e-10	9.416716e-08
2.202999999999934e+00	1.167159e+00	9.429317e-08	3.182693e-10	9.416970e-08
2.203999999999934e+00	1.167933e+00	9.430423e-08	3.091450e-10	9.417224e-08
2.204999999999933e+00	1.168706e+00	9.431503e-08	3.002868e-10	9.417479e-08
2.205999999999933e+00	1.169480e+00	9.432556e-08	2.916871e-10	9.417733e-08
2.206999999999933e+00	1.170253e+00	9.433585e-08	2.833385e-10	9.417987e-08
2.207999999999933e+00	1.171027e+00	9.434589e-08	2.752336e-10	9.418242e-08
2.208999999999933e+00	1.171801e+00	9.435569e-08	2.673655e-10	9.418496e-08
2.209999999999933e+00	1.172575e+00	9.436527e-08	2.597273e-10	9.418751e-08
2.210999999999933e+00	1.173349e+00	9.437462e-08	2.523124e-10	9.419005e-08
2.211999999999933e+00	1.174124e+00	9.438376e-08	2.451142e-10	9.419259e-08
2.212999999999933e+00	1.174898e+00	9.439268e-08	2.381266e-10	9.419514e-08
2.213999999999932e+00	1.175673e+00	9.440141e-08	2.313434e-10	9.419767e-08
2.214999999999932e+00	1.176447e+00	9.440993e-08	2.247588e-10	9.420022e-08
2.215999999999932e+00	1.177222e+00	9.441826e-08	2.183668e-10	9.420276e-08
2.216999999999932e+00	1.177997e+00	9.442640e-08	2.121621e-10	9.420530e-08
2.217999999999932e+00	1.178772e+00	9.443437e-08	2.061391e-10	9.420784e-08
2.218999999999932e+00	1.179547e+00	9.444216e-08	2.002925e-10	9.421039e-08
2.219999999999932e+00	1.180322e+00	9.444977e-08	1.946173e-10	9.421292e-08
2.220999999999932e+00	1.181097e+00	9.445723e-08	1.891085e-10	9.421547e-08
2.221999999999932e+00	1.181873e+00	9.446451e-08	1.837611e-10	9.421800e-08
2.222999999999931e+00	1.182648e+00	9.447164e-08	1.785706e-10	9.422054e-08
2.223999999999931e+00	1.183424e+00	9.447863e-08	1.735323e-10	9.422308e-08
2.224999999999931e+00	1.184199e+00	9.448546e-08	1.686419e-10	9.422562e-08
2.225999999999931e+00	1.184975e+00	9.449215e-08	1.638950e-10	9.422816e-08
2.226999999999931e+00	1.185751e+00	9.449870e-08	1.592874e-10	9.423070e-08
2.227999999999931e+00	1.186527e+00	9.450512e-08	1.548151e-10	9.423324e-08
2.228999999999931e+00	1.187303e+00	9.451141e-08	1.504741e-10	9.423577e-08
2.229999999999931e+00	1.188079e+00	9.451756e-08	1.462607e-10	9.423831e-08
2.230999999999931e+00	1.188855e+00	9.452360e-08	1.421710e-10	9.424085e-08
2.231999999999930e+00	1.189631e+00	9.452951e-08	1.382015e-10	9.424338e-08
2.232999999999930e+00	1.190408e+00	9.453531e-08	1.343487e-10	9.424592e-08
2.233999999999930e+00	1.191184e+00	9.454099e-08	1.306091e-10	9.424846e-08
2.234999999999930e+00	1.191960e+00	9.454657e-08	1.269795e-10	9.425099e-08
2.235999999999930e+00	1.192737e+00	9.455204e-08	1.234565e-10	9.425353e-08
2.236999999999930e+00	1.193514e+00	9.455741e-08	1.200372e-10	9.425606e-08
2.237999999999930e+00	1.194290e+00	9.456267e-08	1.167185e-10	9.425860e-08
2.238999999999930e+00	1.195067e+00	9.456784e-08	1.134975e-10	9.426113e-08
2.239999999999930e+00	1.195844e+00	9.457291e-08	1.103712e-10	9.426366e-08
2.240999999999929e+00	1.196621e+00	9.457789e-08	1.073369e-10	9.426620e-08
2.241999999999929e+00	1.197398e+00	9.458278e-08	1.043919e-10	9.426873e-08
2.242999999999929e+00	1.198175e+00	9.458759e-08	1.015337e-10	9.427126e-08
2.243999999999929e+00	1.198952e+00	9.459231e-08	9.875956e-11	9.427379e-08
2.244999999999929e+00	1.199729e+00	9.459696e-08	9.606715e-11	9.427632e-08
2.245999999999929e+00	1.200506e+00	9.460152e-08	9.345404e-11	9.427886e-08
2.246999999999929e+00	1.201284e+00	9.460600e-08	9.091791e-11	9.428139e-08
2.247999999999929e+00	1.202061e+00	9.461041e-08	8.845649e-11	9.428392e-08
2.248999999999929e+00	1.202839e+00	9.461475e-08	8.606760e-11	9.428645e-08
2.249999999999929e+00	1.203616e+00	9.461902e-08	8.374912e-11	9.428898e-08
2.250999999999928e+00	1.204394e+00	9.462322e-08	8.149896e-11	9.429151e-08
2.251999999999928e+00	1.205171e+00	9.462735e-08	7.931513e-11	9.429404e-08
2.252999999999928e+00	1.205949e+00	9.463142e-08	7.719569e-11	9.429657e-08
2.253999999999928e+00	1.206727e+00	9.463542e-08	7.513874e-11	9.429910e-08
2.254999999999928e+00	1.207505e+00	9.463937e-08	7.314244e-11	9.430163e-08
2.255999999999928e+00	1.208283e+00	9.464326e-08	7.120501e-11	9.430415e-08
2.256999999999928e+00	1.209061e+00	9.464709e-08	6.932474e-11	9.430668e-08
2.257999999999928e+00	1.209839e+00	9.465086e-08	6.749993e-11	9.430921e-08
2.258999999999928e+00	1.210617e+00	9.465459e-08	6.572896e-11	9.431173e-08
2.259999999999927e+00	1.211395e+00	9.465825e-08	6.401023e-11	9.431426e-08
2.260999999999927e+00	1.212173e+00	9.466188e-08	6.234224e-11	9.431678e-08
2.261999999999927e+00	1.212951e+00	9.466545e-08	6.072346e-11	9.431930e-08
2.262999999999927e+00	1.213730e+00	9.466897e-08	5.915246e-11	9.432183e-08
2.263999999999927e+00	1.214508e+00	9.467244e-08	5.762784e-11	9.432436e-08
2.264999999999927e+00	1.215286e+00	9.467588e-08	5.614822e-11	9.432688e-08
2.265999999999927e+00	1.216065e+00	9.467927e-08	5.471229e-11	9.432940e-08
2.266999999999927e+00	1.216843e+00	9.468261e-08	5.331877e-11	9.433192e-08
2.267999999999927e+00	1.217622e+00	9.468592e-08	5.196639e-11	9.433445e-08
2.268999999999926e+00	1.218400e+00	9.468918e-08	5.065395e-11	9.433697e-08
2.269999999999926e+00	1.219179e+00	9.469241e-08	4.938028e-11	9.433949e-08
2.270999999999926e+00	1.219958e+00	9.469560e-08	4.814423e-11	9.434201e-08
2.271999999999926e+00	1.220737e+00	9.469876e-08	4.694469e-11	9.434454e-08
2.272999999999926e+00	1.221515e+00	9.470187e-08	4.578060e-11	9.434705e-08
2.273999999999926e+00	1.222294e+00	9.470495e-08	4.465090e-11	9.434957e-08
2.274999999999926e+00	1.223073e+00	9.470800e-08	4.355459e-11	9.435209e-08
2.275999999999926e+00	1.223852e+00	9.471102e-08	4.249067e-11	9.435461e-08
2.276999999999926e+00	1.224631e+00	9.471401e-08	4.145820e-11	9.435713e-08
2.277999999999925e+00	1.225410e+00	9.471697e-08	4.045624e-11	9.435965e-08
2.278999999999925e+00	1.226189e+00	9.471989e-08	3.948390e-11	9.436216e-08
2.279999999999925e+00	1.226968e+00	9.472279e-08	3.854031e-11	9.436468e-08
2.280999999999925e+00	1.227748e+00	9.472566e-08	3.762461e-11	9.436720e-08
2.281999999999925e+00	1.228527e+00	9.472851e-08	3.673599e-11	9.436972e-08
2.282999999999925e+00	1.229306e+00	9.473132e-08	3.587365e-11	9.437223e-08
2.283999999999925e+00	1.230085e+00	9.473411e-08	3.503681e-11	9.437475e-08
2.284999999999925e+00	1.230865e+00	9.473688e-08	3.422471e-11	9.437726e-08
2.285999999999925e+00	1.231644e+00	9.473963e-08	3.343664e-11	9.437978e-08
2.286999999999924e+00	1.232424e+00	9.474235e-08	3.267187e-11	9.438229e-08
2.287999999999924e+00	1.233203e+00	9.474504e-08	3.192973e-11	9.438480e-08
2.288999999999924e+00	1.233983e+00	9.474772e-08	3.120955e-11	9.438732e-08
2.289999999999924e+00	1.234763e+00	9.475038e-08	3.051067e-11	9.438983e-08
2.290999999999924e+00	1.235542e+00	9.475301e-08	2.983247e-11	9.439234e-08
2.291999999999924e+00	1.236322e+00	9.475562e-08	2.917433e-11	9.439486e-08
2.292999999999924e+00	1.237102e+00	9.475822e-08	2.853568e-11	9.439736e-08
2.293999999999924e+00	1.237881e+00	9.476079e-08	2.791592e-11	9.439988e-08
2.294999999999924e+00	1.238661e+00	9.476335e-08	2.731451e-11	9.440239e-08
2.295999999999923e+00	1.239441e+00	9.476589e-08	2.673090e-11	9.440490e-08
2.296999999999923e+00	1.240221e+00	9.476842e-08	2.616456e-11	9.440740e-08
2.297999999999923e+00	1.241001e+00	9.477093e-08	2.561499e-11	9.440992e-08
2.298999999999923e+00	1.241781e+00	9.477341e-08	2.508169e-11	9.441243e-08
2.299999999999923e+00	1.242561e+00	9.477589e-08	2.456418e-11	9.441494e-08
2.300999999999923e+00	1.243341e+00	9.477835e-08	2.406199e-11	9.441744e-08
2.301999999999923e+00	1.244121e+00	9.478079e-08	2.357467e-11	9.441995e-08
2.302999999999923e+00	1.244902e+00	9.478322e-08	2.310178e-11	9.442245e-08
2.303999999999923e+00	1.245682e+00	9.478564e-08	2.264289e-11	9.442496e-08
2.304999999999922e+00	1.246462e+00	9.478805e-08	2.219760e-11	9.442747e-08
2.305999999999922e+00	1.247242e+00	9.479044e-08	2.176549e-11	9.442997e-08
2.306999999999922e+00	1.248023e+00	9.479282e-08	2.134619e-11	9.443248e-08
2.307999999999922e+00	1.248803e+00	9.479518e-08	2.093930e-11	9.443498e-08
2.308999999999922e+00	1.249584e+00	9.479754e-08	2.054447e-11	9.443749e-08
2.309999999999922e+00	1.250364e+00	9.479987e-08	2.016134e-11	9.443999e-08
2.310999999999922e+00	1.251145e+00	9.480220e-08	1.978956e-11	9.444250e-08
2.311999999999922e+00	1.251925e+00	9.480453e-08	1.942878e-11	9.444500e-08
2.312999999999922e+00	1.252706e+00	9.480684e-08	1.907871e-11	9.444750e-08
2.313999999999921e+00	1.253486e+00	9.480914e-08	1.873900e-11	9.445000e-08
2.314999999999921e+00	1.254267e+00	9.481143e-08	1.840937e-11	9.445250e-08
2.315999999999921e+00	1.255048e+00	9.481371e-08	1.808950e-11	9.445500e-08
2.316999999999921e+00	1.255829e+00	9.481597e-08	1.777911e-11	9.445750e-08
2.317999999999921e+00	1.256609e+00	9.481823e-08	1.747793e-11	9.446001e-08
2.318999999999921e+00	1.257390e+00	9.482049e-08	1.718567e-11	9.446251e-08
2.319999999999921e+00	1.258171e+00	9.482273e-08	1.690207e-11	9.446501e-08
2.320999999999921e+00	1.258952e+00	9.482497e-08	1.662689e-11	9.446750e-08
2.321999999999921e+00	1.259733e+00	9.482719e-08	1.635985e-11	9.447000e-08
2.322999999999920e+00	1.260514e+00	9.482942e-08	1.610074e-11	9.447250e-08
2.323999999999920e+00	1.261295e+00	9.483163e-08	1.584931e-11	9.447500e-08
2.324999999999920e+00	1.262076e+00	9.483383e-08	1.560534e-11	9.447749e-08
2.325999999999920e+00	1.262857e+00	9.483603e-08	1.536860e-11	9.447999e-08
2.326999999999920e+00	1.263638e+00	9.483822e-08	1.513888e-11	9.448249e-08
2.327999999999920e+00	1.264420e+00	9.484040e-08	1.491597e-11	9.448498e-08
2.328999999999920e+00	1.265201e+00	9.484258e-08	1.469967e-11	9.448748e-08
2.329999999999920e+00	1.265982e+00	9.484475e-08	1.448980e-11	9.448998e-08
2.330999999999920e+00	1.266763e+00	9.484692e-08	1.428614e-11	9.449247e-08
2.331999999999919e+00	1.267545e+00	9.484908e-08	1.408853e-11	9.449496e-08
2.332999999999919e+00	1.268326e+00	9.485123e-08	1.389678e-11	9.449746e-08
2.333999999999919e+00	1.269108e+00	9.485338e-08	1.371071e-11	9.449995e-08
2.334999999999919e+00	1.269889e+00	9.485552e-08	1.353017e-11	9.450244e-08
2.335999999999919e+00	1.270671e+00	9.485766e-08	1.335499e-11	9.450493e-08
2.336999999999919e+00	1.271452e+00	9.485979e-08	1.318500e-11	9.450743e-08
2.337999999999919e+00	1.272234e+00	9.486192e-08	1.302005e-11	9.450991e-08
2.338999999999919e+00	1.273015e+00	9.486404e-08	1.286001e-11	9.451241e-08
2.339999999999919e+00	1.273797e+00	9.486616e-08	1.270471e-11	9.451490e-08
2.340999999999918e+00	1.274579e+00	9.486828e-08	1.255402e-11	9.451739e-08
2.341999999999918e+00	1.275360e+00	9.487039e-08	1.240780e-11	9.451988e-08
2.342999999999918e+00	1.276142e+00	9.487249e-08	1.226592e-11	9.452236e-08
2.343999999999918e+00	1.276924e+00	9.487459e-08	1.212826e-11	9.452486e-08
2.344999999999918e+00	1.277706e+00	9.487669e-08	1.199468e-11	9.452734e-08
2.345999999999918e+00	1.278488e+00	9.487878e-08	1.186506e-11	9.452983e-08
2.346999999999918e+00	1.279270e+00	9.488087e-08	1.173930e-11	9.453232e-08
2.347999999999918e+00	1.280052e+00	9.488296e-08	1.161726e-11	9.453480e-08
2.348999999999918e+00	1.280834e+00	9.488504e-08	1.149885e-11	9.453729e-08
2.349999999999917e+00	1.281616e+00	9.488712e-08	1.138396e-11	9.453978e-08
2.350999999999917e+00	1.282398e+00	9.488920e-08	1.127247e-11	9.454227e-08
2.351999999999917e+00	1.283180e+00	9.489126e-08	1.116431e-11	9.454475e-08
2.352999999999917e+00	1.283962e+00	9.489334e-08	1.105934e-11	9.454723e-08
2.353999999999917e+00	1.284744e+00	9.489541e-08	1.095750e-11	9.454972e-08
2.354999999999917e+00	1.285527e+00	9.489747e-08	1.085868e-11	9.455220e-08
2.355999999999917e+00	1.286309e+00	9.489953e-08	1.076280e-11	9.455469e-08
2.356999999999917e+00	1.287091e+00	9.490159e-08	1.066977e-11	9.455717e-08
2.357999999999917e+00	1.287874e+00	9.490364e-08	1.057949e-11	9.455965e-08
2.358999999999916e+00	1.288656e+00	9.490569e-08	1.049190e-11	9.456213e-08
2.359999999999916e+00	1.289438e+00	9.490774e-08	1.040692e-11	9.456461e-08
2.360999999999916e+00	1.290221e+00	9.490979e-08	1.032445e-11	9.456709e-08
2.361999999999916e+00	1.291003e+00	9.491183e-08	1.024444e-11	9.456957e-08
2.362999999999916e+00	1.291786e+00	9.491388e-08	1.016681e-11	9.457205e-08
2.363999999999916e+00	1.292568e+00	9.491592e-08	1.009148e-11	9.457453e-08
2.364999999999916e+00	1.293351e+00	9.491796e-08	1.001838e-11	9.457701e-08
2.365999999999916e+00	1.294134e+00	9.492000e-08	9.947466e-12	9.457949e-08
2.366999999999916e+00	1.294916e+00	9.492203e-08	9.878655e-12	9.458197e-08
2.367999999999916e+00	1.295699e+00	9.492406e-08	9.811890e-12	9.458444e-08
2.368999999999915e+00	1.296482e+00	9.492609e-08	9.747108e-12	9.458692e-08
2.369999999999915e+00	1.297265e+00	9.492813e-08	9.684252e-12	9.458940e-08
2.370999999999915e+00	1.298047e+00	9.493015e-08	9.623261e-12	9.459188e-08
2.371999999999915e+00	1.298830e+00	9.493218e-08	9.564085e-12	9.459436e-08
2.372999999999915e+00	1.299613e+00	9.493420e-08	9.506670e-12	9.459683e-08
2.373999999999915e+00	1.300396e+00	9.493623e-08	9.450963e-12	9.459931e-08
2.374999999999915e+00	1.301179e+00	9.493824e-08	9.396909e-12	9.460178e-08
2.375999999999915e+00	1.301962e+00	9.494027e-08	9.344464e-12	9.460425e-08
2.376999999999915e+00	1.302745e+00	9.494229e-08	9.293570e-12	9.460673e-08
2.377999999999914e+00	1.303528e+00	9.494430e-08	9.244197e-12	9.460920e-08
2.378999999999914e+00	1.304311e+00	9.494632e-08	9.196294e-12	9.461167e-08
2.379999999999914e+00	1.305094e+00	9.494833e-08	9.149809e-12	9.461414e-08
2.380999999999914e+00	1.305878e+00	9.495034e-08	9.104714e-12	9.461662e-08
2.381999999999914e+00	1.306661e+00	9.495236e-08	9.060954e-12	9.461909e-08
2.382999999999914e+00	1.307444e+00	9.495437e-08	9.018498e-12	9.462156e-08
2.383999999999914e+00	1.308227e+00	9.495638e-08	8.977302e-12	9.462403e-08
2.384999999999914e+00	1.309011e+00	9.495839e-08	8.937333e-12	9.462650e-08
2.385999999999914e+00	1.309794e+00	9.496039e-08	8.898555e-12	9.462897e-08
2.386999999999913e+00	1.310578e+00	9.496240e-08	8.860928e-12	9.463144e-08
2.387999999999913e+00	1.311361e+00	9.496441e-08	8.824423e-12	9.463391e-08
2.388999999999913e+00	1.312144e+00	9.496641e-08	8.789002e-12	9.463638e-08
2.389999999999913e+00	1.312928e+00	9.496841e-08	8.754633e-12	9.463885e-08
2.390999999999913e+00	1.313711e+00	9.497042e-08	8.721288e-12	9.464132e-08
2.391999999999913e+00	1.314495e+00	9.497241e-08	8.688933e-12	9.464378e-08
2.392999999999913e+00	1.315279e+00	9.497442e-08	8.657546e-12	9.464625e-08
2.393999999999913e+00	1.316062e+00	9.497641e-08	8.627092e-12	9.464872e-08
2.394999999999913e+00	1.316846e+00	9.497842e-08	8.597542e-12	9.465118e-08
2.395999999999912e+00	1.317630e+00	9.498041e-08	8.568867e-12	9.465365e-08
2.396999999999912e+00	1.318413e+00	9.498241e-08	8.541052e-12	9.465612e-08
2.397999999999912e+00	1.319197e+00	9.498441e-08	8.514063e-12	9.465857e-08
2.398999999999912e+00	1.319981e+00	9.498640e-08	8.487878e-12	9.466104e-08
2.400000000000000e+00	1.320765e+00	9.498840e-08	8.462466e-12	9.466351e-08
