2.400000000000000e+000	2.489468e-003
2.400100000000000e+000	2.496775e-003
2.400200000000000e+000	2.504125e-003
2.400300000000001e+000	2.511486e-003
2.400400000000001e+000	2.518868e-003
2.400500000000001e+000	2.526270e-003
2.400600000000001e+000	2.533695e-003
2.400700000000001e+000	2.541141e-003
2.400800000000002e+000	2.548608e-003
2.400900000000002e+000	2.556097e-003
2.401000000000002e+000	2.563607e-003
2.401100000000002e+000	2.571139e-003
2.401200000000002e+000	2.578693e-003
2.401300000000003e+000	2.586269e-003
2.401400000000003e+000	2.593866e-003
2.401500000000003e+000	2.601486e-003
2.401600000000003e+000	2.609127e-003
2.401700000000004e+000	2.616791e-003
2.401800000000004e+000	2.624476e-003
2.401900000000004e+000	2.632184e-003
2.402000000000004e+000	2.639914e-003
2.402100000000004e+000	2.647667e-003
2.402200000000005e+000	2.655441e-003
2.402300000000005e+000	2.663239e-003
2.402400000000005e+000	2.671058e-003
2.402500000000005e+000	2.678900e-003
2.402600000000005e+000	2.686766e-003
2.402700000000006e+000	2.694653e-003
2.402800000000006e+000	2.702563e-003
2.402900000000006e+000	2.710497e-003
2.403000000000006e+000	2.718453e-003
2.403100000000007e+000	2.726431e-003
2.403200000000007e+000	2.734434e-003
2.403300000000007e+000	2.742459e-003
2.403400000000007e+000	2.750507e-003
2.403500000000007e+000	2.758578e-003
2.403600000000008e+000	2.766673e-003
2.403700000000008e+000	2.774791e-003
2.403800000000008e+000	2.782933e-003
2.403900000000008e+000	2.791098e-003
2.404000000000008e+000	2.799286e-003
2.404100000000009e+000	2.807498e-003
2.404200000000009e+000	2.815734e-003
2.404300000000009e+000	2.823994e-003
2.404400000000009e+000	2.832277e-003
2.404500000000009e+000	2.840585e-003
2.404600000000010e+000	2.848916e-003
2.404700000000010e+000	2.857271e-003
2.404800000000010e+000	2.865650e-003
2.404900000000010e+000	2.874054e-003
2.405000000000011e+000	2.882482e-003
2.405100000000011e+000	2.890934e-003
2.405200000000011e+000	2.899410e-003
2.405300000000011e+000	2.907911e-003
2.405400000000011e+000	2.916437e-003
2.405500000000012e+000	2.924987e-003
2.405600000000012e+000	2.933561e-003
2.405700000000012e+000	2.942160e-003
2.405800000000012e+000	2.950785e-003
2.405900000000012e+000	2.959434e-003
2.406000000000013e+000	2.968108e-003
2.406100000000013e+000	2.976806e-003
2.406200000000013e+000	2.985531e-003
2.406300000000013e+000	2.994280e-003
2.406400000000013e+000	3.003054e-003
2.406500000000014e+000	3.011854e-003
2.406600000000014e+000	3.020679e-003
2.406700000000014e+000	3.029529e-003
2.406800000000014e+000	3.038405e-003
2.406900000000015e+000	3.047307e-003
2.407000000000015e+000	3.056234e-003
2.407100000000015e+000	3.065187e-003
2.407200000000015e+000	3.074165e-003
2.407300000000015e+000	3.083170e-003
2.407400000000016e+000	3.092201e-003
2.407500000000016e+000	3.101257e-003
2.407600000000016e+000	3.110340e-003
2.407700000000016e+000	3.119449e-003
2.407800000000016e+000	3.128584e-003
2.407900000000017e+000	3.137746e-003
2.408000000000017e+000	3.146933e-003
2.408100000000017e+000	3.156148e-003
2.408200000000017e+000	3.165389e-003
2.408300000000017e+000	3.174656e-003
2.408400000000018e+000	3.183950e-003
2.408500000000018e+000	3.193272e-003
2.408600000000018e+000	3.202619e-003
2.408700000000018e+000	3.211994e-003
2.408800000000019e+000	3.221396e-003
2.408900000000019e+000	3.230825e-003
2.409000000000019e+000	3.240281e-003
2.409100000000019e+000	3.249765e-003
2.409200000000019e+000	3.259275e-003
2.409300000000020e+000	3.268813e-003
2.409400000000020e+000	3.278379e-003
2.409500000000020e+000	3.287972e-003
2.409600000000020e+000	3.297593e-003
2.409700000000020e+000	3.307241e-003
2.409800000000021e+000	3.316918e-003
2.409900000000021e+000	3.326622e-003
2.410000000000021e+000	3.336354e-003
2.410100000000021e+000	3.346115e-003
2.410200000000021e+000	3.355903e-003
2.410300000000022e+000	3.365720e-003
2.410400000000022e+000	3.375565e-003
2.410500000000022e+000	3.385438e-003
2.410600000000022e+000	3.395340e-003
2.410700000000023e+000	3.405270e-003
2.410800000000023e+000	3.415229e-003
2.410900000000023e+000	3.425217e-003
2.411000000000023e+000	3.435233e-003
2.411100000000023e+000	3.445278e-003
2.411200000000024e+000	3.455352e-003
2.411300000000024e+000	3.465456e-003
2.411400000000024e+000	3.475588e-003
2.411500000000024e+000	3.485750e-003
2.411600000000024e+000	3.495940e-003
2.411700000000025e+000	3.506161e-003
2.411800000000025e+000	3.516410e-003
2.411900000000025e+000	3.526690e-003
2.412000000000025e+000	3.536999e-003
2.412100000000025e+000	3.547337e-003
2.412200000000026e+000	3.557706e-003
2.412300000000026e+000	3.568104e-003
2.412400000000026e+000	3.578533e-003
2.412500000000026e+000	3.588991e-003
2.412600000000027e+000	3.599480e-003
2.412700000000027e+000	3.609998e-003
2.412800000000027e+000	3.620547e-003
2.412900000000027e+000	3.631127e-003
2.413000000000027e+000	3.641737e-003
2.413100000000028e+000	3.652378e-003
2.413200000000028e+000	3.663049e-003
2.413300000000028e+000	3.673751e-003
2.413400000000028e+000	3.684484e-003
2.413500000000028e+000	3.695248e-003
2.413600000000029e+000	3.706043e-003
2.413700000000029e+000	3.716870e-003
2.413800000000029e+000	3.727727e-003
2.413900000000029e+000	3.738616e-003
2.414000000000030e+000	3.749536e-003
2.414100000000030e+000	3.760488e-003
2.414200000000030e+000	3.771471e-003
2.414300000000030e+000	3.782486e-003
2.414400000000030e+000	3.793532e-003
2.414500000000031e+000	3.804611e-003
2.414600000000031e+000	3.815722e-003
2.414700000000031e+000	3.826864e-003
2.414800000000031e+000	3.838039e-003
2.414900000000031e+000	3.849246e-003
2.415000000000032e+000	3.860486e-003
2.415100000000032e+000	3.871757e-003
2.415200000000032e+000	3.883062e-003
2.415300000000032e+000	3.894399e-003
2.415400000000032e+000	3.905769e-003
2.415500000000033e+000	3.917171e-003
2.415600000000033e+000	3.928606e-003
2.415700000000033e+000	3.940075e-003
2.415800000000033e+000	3.951577e-003
2.415900000000034e+000	3.963111e-003
2.416000000000034e+000	3.974680e-003
2.416100000000034e+000	3.986281e-003
2.416200000000034e+000	3.997916e-003
2.416300000000034e+000	4.009585e-003
2.416400000000035e+000	4.021287e-003
2.416500000000035e+000	4.033024e-003
2.416600000000035e+000	4.044794e-003
2.416700000000035e+000	4.056598e-003
2.416800000000035e+000	4.068437e-003
2.416900000000036e+000	4.080309e-003
2.417000000000036e+000	4.092216e-003
2.417100000000036e+000	4.104157e-003
2.417200000000036e+000	4.116132e-003
2.417300000000036e+000	4.128143e-003
2.417400000000037e+000	4.140188e-003
2.417500000000037e+000	4.152268e-003
2.417600000000037e+000	4.164383e-003
2.417700000000037e+000	4.176532e-003
2.417800000000038e+000	4.188717e-003
2.417900000000038e+000	4.200938e-003
2.418000000000038e+000	4.213193e-003
2.418100000000038e+000	4.225484e-003
2.418200000000038e+000	4.237811e-003
2.418300000000039e+000	4.250173e-003
2.418400000000039e+000	4.262571e-003
2.418500000000039e+000	4.275005e-003
2.418600000000039e+000	4.287475e-003
2.418700000000039e+000	4.299981e-003
2.418800000000040e+000	4.312523e-003
2.418900000000040e+000	4.325102e-003
2.419000000000040e+000	4.337716e-003
2.419100000000040e+000	4.350368e-003
2.419200000000040e+000	4.363056e-003
2.419300000000041e+000	4.375781e-003
2.419400000000041e+000	4.388542e-003
2.419500000000041e+000	4.401341e-003
2.419600000000041e+000	4.414177e-003
2.419700000000042e+000	4.427050e-003
2.419800000000042e+000	4.439960e-003
2.419900000000042e+000	4.452908e-003
2.420000000000042e+000	4.465893e-003
2.420100000000042e+000	4.478916e-003
2.420200000000043e+000	4.491976e-003
2.420300000000043e+000	4.505075e-003
2.420400000000043e+000	4.518211e-003
2.420500000000043e+000	4.531385e-003
2.420600000000043e+000	4.544598e-003
2.420700000000044e+000	4.557849e-003
2.420800000000044e+000	4.571139e-003
2.420900000000044e+000	4.584467e-003
2.421000000000044e+000	4.597833e-003
2.421100000000044e+000	4.611239e-003
2.421200000000045e+000	4.624683e-003
2.421300000000045e+000	4.638167e-003
2.421400000000045e+000	4.651689e-003
2.421500000000045e+000	4.665251e-003
2.421600000000046e+000	4.678852e-003
2.421700000000046e+000	4.692493e-003
2.421800000000046e+000	4.706174e-003
2.421900000000046e+000	4.719894e-003
2.422000000000046e+000	4.733654e-003
2.422100000000047e+000	4.747454e-003
2.422200000000047e+000	4.761294e-003
2.422300000000047e+000	4.775174e-003
2.422400000000047e+000	4.789095e-003
2.422500000000047e+000	4.803056e-003
2.422600000000048e+000	4.817058e-003
2.422700000000048e+000	4.831100e-003
2.422800000000048e+000	4.845183e-003
2.422900000000048e+000	4.859308e-003
2.423000000000048e+000	4.873473e-003
2.423100000000049e+000	4.887680e-003
2.423200000000049e+000	4.901928e-003
2.423300000000049e+000	4.916217e-003
2.423400000000049e+000	4.930548e-003
2.423500000000050e+000	4.944921e-003
2.423600000000050e+000	4.959336e-003
2.423700000000050e+000	4.973792e-003
2.423800000000050e+000	4.988291e-003
2.423900000000050e+000	5.002833e-003
2.424000000000051e+000	5.017416e-003
2.424100000000051e+000	5.032042e-003
2.424200000000051e+000	5.046710e-003
2.424300000000051e+000	5.061422e-003
2.424400000000051e+000	5.076176e-003
2.424500000000052e+000	5.090973e-003
2.424600000000052e+000	5.105814e-003
2.424700000000052e+000	5.120698e-003
2.424800000000052e+000	5.135625e-003
2.424900000000053e+000	5.150596e-003
2.425000000000053e+000	5.165610e-003
2.425100000000053e+000	5.180669e-003
2.425200000000053e+000	5.195771e-003
2.425300000000053e+000	5.210918e-003
2.425400000000054e+000	5.226109e-003
2.425500000000054e+000	5.241344e-003
2.425600000000054e+000	5.256624e-003
2.425700000000054e+000	5.271948e-003
2.425800000000054e+000	5.287318e-003
2.425900000000055e+000	5.302732e-003
2.426000000000055e+000	5.318191e-003
2.426100000000055e+000	5.333696e-003
2.426200000000055e+000	5.349245e-003
2.426300000000055e+000	5.364841e-003
2.426400000000056e+000	5.380482e-003
2.426500000000056e+000	5.396169e-003
2.426600000000056e+000	5.411902e-003
2.426700000000056e+000	5.427681e-003
2.426800000000057e+000	5.443506e-003
2.426900000000057e+000	5.459378e-003
2.427000000000057e+000	5.475296e-003
2.427100000000057e+000	5.491261e-003
2.427200000000057e+000	5.507273e-003
2.427300000000058e+000	5.523331e-003
2.427400000000058e+000	5.539437e-003
2.427500000000058e+000	5.555591e-003
2.427600000000058e+000	5.571791e-003
2.427700000000058e+000	5.588039e-003
2.427800000000059e+000	5.604335e-003
2.427900000000059e+000	5.620679e-003
2.428000000000059e+000	5.637071e-003
2.428100000000059e+000	5.653511e-003
2.428200000000059e+000	5.669999e-003
2.428300000000060e+000	5.686536e-003
2.428400000000060e+000	5.703121e-003
2.428500000000060e+000	5.719756e-003
2.428600000000060e+000	5.736439e-003
2.428700000000061e+000	5.753172e-003
2.428800000000061e+000	5.769953e-003
2.428900000000061e+000	5.786784e-003
2.429000000000061e+000	5.803665e-003
2.429100000000061e+000	5.820596e-003
2.429200000000062e+000	5.837576e-003
2.429300000000062e+000	5.854607e-003
2.429400000000062e+000	5.871687e-003
2.429500000000062e+000	5.888818e-003
2.429600000000062e+000	5.906000e-003
2.429700000000063e+000	5.923233e-003
2.429800000000063e+000	5.940516e-003
2.429900000000063e+000	5.957850e-003
2.430000000000063e+000	5.975236e-003
2.430100000000063e+000	5.992673e-003
2.430200000000064e+000	6.010161e-003
2.430300000000064e+000	6.027701e-003
2.430400000000064e+000	6.045294e-003
2.430500000000064e+000	6.062938e-003
2.430600000000065e+000	6.080634e-003
2.430700000000065e+000	6.098383e-003
2.430800000000065e+000	6.116184e-003
2.430900000000065e+000	6.134039e-003
2.431000000000065e+000	6.151946e-003
2.431100000000066e+000	6.169906e-003
2.431200000000066e+000	6.187920e-003
2.431300000000066e+000	6.205986e-003
2.431400000000066e+000	6.224107e-003
2.431500000000066e+000	6.242281e-003
2.431600000000067e+000	6.260509e-003
2.431700000000067e+000	6.278791e-003
2.431800000000067e+000	6.297128e-003
2.431900000000067e+000	6.315520e-003
2.432000000000067e+000	6.333965e-003
2.432100000000068e+000	6.352467e-003
2.432200000000068e+000	6.371022e-003
2.432300000000068e+000	6.389633e-003
2.432400000000068e+000	6.408300e-003
2.432500000000069e+000	6.427022e-003
2.432600000000069e+000	6.445799e-003
2.432700000000069e+000	6.464633e-003
2.432800000000069e+000	6.483523e-003
2.432900000000069e+000	6.502470e-003
2.433000000000070e+000	6.521472e-003
2.433100000000070e+000	6.540532e-003
2.433200000000070e+000	6.559649e-003
2.433300000000070e+000	6.578822e-003
2.433400000000070e+000	6.598053e-003
2.433500000000071e+000	6.617341e-003
2.433600000000071e+000	6.636687e-003
2.433700000000071e+000	6.656091e-003
2.433800000000071e+000	6.675553e-003
2.433900000000072e+000	6.695073e-003
2.434000000000072e+000	6.714652e-003
2.434100000000072e+000	6.734289e-003
2.434200000000072e+000	6.753985e-003
2.434300000000072e+000	6.773741e-003
2.434400000000073e+000	6.793555e-003
2.434500000000073e+000	6.813429e-003
2.434600000000073e+000	6.833363e-003
2.434700000000073e+000	6.853356e-003
2.434800000000073e+000	6.873410e-003
2.434900000000074e+000	6.893524e-003
2.435000000000074e+000	6.913698e-003
2.435100000000074e+000	6.933933e-003
2.435200000000074e+000	6.954229e-003
2.435300000000074e+000	6.974585e-003
2.435400000000075e+000	6.995004e-003
2.435500000000075e+000	7.015483e-003
2.435600000000075e+000	7.036025e-003
2.435700000000075e+000	7.056628e-003
2.435800000000076e+000	7.077294e-003
2.435900000000076e+000	7.098022e-003
2.436000000000076e+000	7.118813e-003
2.436100000000076e+000	7.139666e-003
2.436200000000076e+000	7.160582e-003
2.436300000000077e+000	7.181562e-003
2.436400000000077e+000	7.202605e-003
2.436500000000077e+000	7.223712e-003
2.436600000000077e+000	7.244883e-003
2.436700000000077e+000	7.266117e-003
2.436800000000078e+000	7.287416e-003
2.436900000000078e+000	7.308780e-003
2.437000000000078e+000	7.330209e-003
2.437100000000078e+000	7.351702e-003
2.437200000000078e+000	7.373261e-003
2.437300000000079e+000	7.394885e-003
2.437400000000079e+000	7.416575e-003
2.437500000000079e+000	7.438331e-003
2.437600000000079e+000	7.460153e-003
2.437700000000080e+000	7.482042e-003
2.437800000000080e+000	7.503997e-003
2.437900000000080e+000	7.526019e-003
2.438000000000080e+000	7.548108e-003
2.438100000000080e+000	7.570264e-003
2.438200000000081e+000	7.592489e-003
2.438300000000081e+000	7.614780e-003
2.438400000000081e+000	7.637140e-003
2.438500000000081e+000	7.659569e-003
2.438600000000081e+000	7.682065e-003
2.438700000000082e+000	7.704631e-003
2.438800000000082e+000	7.727266e-003
2.438900000000082e+000	7.749970e-003
2.439000000000082e+000	7.772744e-003
2.439100000000082e+000	7.795587e-003
2.439200000000083e+000	7.818501e-003
2.439300000000083e+000	7.841485e-003
2.439400000000083e+000	7.864539e-003
2.439500000000083e+000	7.887664e-003
2.439600000000084e+000	7.910860e-003
2.439700000000084e+000	7.934128e-003
2.439800000000084e+000	7.957467e-003
2.439900000000084e+000	7.980878e-003
2.440000000000084e+000	8.004361e-003
2.440100000000085e+000	8.027916e-003
2.440200000000085e+000	8.051544e-003
2.440300000000085e+000	8.075246e-003
2.440400000000085e+000	8.099020e-003
2.440500000000085e+000	8.122867e-003
2.440600000000086e+000	8.146788e-003
2.440700000000086e+000	8.170784e-003
2.440800000000086e+000	8.194853e-003
2.440900000000086e+000	8.218997e-003
2.441000000000086e+000	8.243216e-003
2.441100000000087e+000	8.267510e-003
2.441200000000087e+000	8.291879e-003
2.441300000000087e+000	8.316324e-003
2.441400000000087e+000	8.340845e-003
2.441500000000088e+000	8.365442e-003
2.441600000000088e+000	8.390115e-003
2.441700000000088e+000	8.414865e-003
2.441800000000088e+000	8.439693e-003
2.441900000000088e+000	8.464597e-003
2.442000000000089e+000	8.489579e-003
2.442100000000089e+000	8.514640e-003
2.442200000000089e+000	8.539778e-003
2.442300000000089e+000	8.564995e-003
2.442400000000089e+000	8.590290e-003
2.442500000000090e+000	8.615665e-003
2.442600000000090e+000	8.641119e-003
2.442700000000090e+000	8.666653e-003
2.442800000000090e+000	8.692266e-003
2.442900000000090e+000	8.717961e-003
2.443000000000091e+000	8.743736e-003
2.443100000000091e+000	8.769591e-003
2.443200000000091e+000	8.795529e-003
2.443300000000091e+000	8.821547e-003
2.443400000000092e+000	8.847647e-003
2.443500000000092e+000	8.873830e-003
2.443600000000092e+000	8.900094e-003
2.443700000000092e+000	8.926442e-003
2.443800000000092e+000	8.952873e-003
2.443900000000093e+000	8.979387e-003
2.444000000000093e+000	9.005985e-003
2.444100000000093e+000	9.032667e-003
2.444200000000093e+000	9.059434e-003
2.444300000000093e+000	9.086285e-003
2.444400000000094e+000	9.113220e-003
2.444500000000094e+000	9.140243e-003
2.444600000000094e+000	9.167350e-003
2.444700000000094e+000	9.194544e-003
2.444800000000095e+000	9.221823e-003
2.444900000000095e+000	9.249190e-003
2.445000000000095e+000	9.276643e-003
2.445100000000095e+000	9.304184e-003
2.445200000000095e+000	9.331813e-003
2.445300000000096e+000	9.359529e-003
2.445400000000096e+000	9.387335e-003
2.445500000000096e+000	9.415229e-003
2.445600000000096e+000	9.443212e-003
2.445700000000096e+000	9.471285e-003
2.445800000000097e+000	9.499447e-003
2.445900000000097e+000	9.527701e-003
2.446000000000097e+000	9.556044e-003
2.446100000000097e+000	9.584478e-003
2.446200000000097e+000	9.613005e-003
2.446300000000098e+000	9.641621e-003
2.446400000000098e+000	9.670331e-003
2.446500000000098e+000	9.699133e-003
2.446600000000098e+000	9.728028e-003
2.446700000000099e+000	9.757015e-003
2.446800000000099e+000	9.786096e-003
2.446900000000099e+000	9.815272e-003
2.447000000000099e+000	9.844542e-003
2.447100000000099e+000	9.873905e-003
2.447200000000100e+000	9.903365e-003
2.447300000000100e+000	9.932919e-003
2.447400000000100e+000	9.962570e-003
2.447500000000100e+000	9.992317e-003
2.447600000000100e+000	1.002216e-002
2.447700000000101e+000	1.005210e-002
2.447800000000101e+000	1.008214e-002
2.447900000000101e+000	1.011227e-002
2.448000000000101e+000	1.014251e-002
2.448100000000101e+000	1.017284e-002
2.448200000000102e+000	1.020327e-002
2.448300000000102e+000	1.023380e-002
2.448400000000102e+000	1.026443e-002
2.448500000000102e+000	1.029517e-002
2.448600000000103e+000	1.032600e-002
2.448700000000103e+000	1.035693e-002
2.448800000000103e+000	1.038797e-002
2.448900000000103e+000	1.041910e-002
2.449000000000103e+000	1.045034e-002
2.449100000000104e+000	1.048168e-002
2.449200000000104e+000	1.051313e-002
2.449300000000104e+000	1.054468e-002
2.449400000000104e+000	1.057633e-002
2.449500000000104e+000	1.060809e-002
2.449600000000105e+000	1.063995e-002
2.449700000000105e+000	1.067192e-002
2.449800000000105e+000	1.070399e-002
2.449900000000105e+000	1.073617e-002
2.450000000000105e+000	1.076846e-002
2.450100000000106e+000	1.080086e-002
2.450200000000106e+000	1.083336e-002
2.450300000000106e+000	1.086597e-002
2.450400000000106e+000	1.089869e-002
2.450500000000107e+000	1.093152e-002
2.450600000000107e+000	1.096445e-002
2.450700000000107e+000	1.099750e-002
2.450800000000107e+000	1.103066e-002
2.450900000000107e+000	1.106393e-002
2.451000000000108e+000	1.109731e-002
2.451100000000108e+000	1.113081e-002
2.451200000000108e+000	1.116441e-002
2.451300000000108e+000	1.119813e-002
2.451400000000108e+000	1.123196e-002
2.451500000000109e+000	1.126591e-002
2.451600000000109e+000	1.129997e-002
2.451700000000109e+000	1.133415e-002
2.451800000000109e+000	1.136844e-002
2.451900000000109e+000	1.140285e-002
2.452000000000110e+000	1.143737e-002
2.452100000000110e+000	1.147201e-002
2.452200000000110e+000	1.150677e-002
2.452300000000110e+000	1.154165e-002
2.452400000000111e+000	1.157665e-002
2.452500000000111e+000	1.161176e-002
2.452600000000111e+000	1.164700e-002
2.452700000000111e+000	1.168235e-002
2.452800000000111e+000	1.171783e-002
2.452900000000112e+000	1.175343e-002
2.453000000000112e+000	1.178915e-002
2.453100000000112e+000	1.182499e-002
2.453200000000112e+000	1.186096e-002
2.453300000000112e+000	1.189704e-002
2.453400000000113e+000	1.193326e-002
2.453500000000113e+000	1.196960e-002
2.453600000000113e+000	1.200606e-002
2.453700000000113e+000	1.204265e-002
2.453800000000113e+000	1.207936e-002
2.453900000000114e+000	1.211621e-002
2.454000000000114e+000	1.215318e-002
2.454100000000114e+000	1.219027e-002
2.454200000000114e+000	1.222750e-002
2.454300000000115e+000	1.226486e-002
2.454400000000115e+000	1.230235e-002
2.454500000000115e+000	1.233997e-002
2.454600000000115e+000	1.237771e-002
2.454700000000115e+000	1.241560e-002
2.454800000000116e+000	1.245361e-002
2.454900000000116e+000	1.249176e-002
2.455000000000116e+000	1.253004e-002
2.455100000000116e+000	1.256845e-002
2.455200000000116e+000	1.260700e-002
2.455300000000117e+000	1.264569e-002
2.455400000000117e+000	1.268451e-002
2.455500000000117e+000	1.272347e-002
2.455600000000117e+000	1.276257e-002
2.455700000000118e+000	1.280180e-002
2.455800000000118e+000	1.284118e-002
2.455900000000118e+000	1.288069e-002
2.456000000000118e+000	1.292035e-002
2.456100000000118e+000	1.296014e-002
2.456200000000119e+000	1.300008e-002
2.456300000000119e+000	1.304016e-002
2.456400000000119e+000	1.308038e-002
2.456500000000119e+000	1.312075e-002
2.456600000000119e+000	1.316126e-002
2.456700000000120e+000	1.320192e-002
2.456800000000120e+000	1.324272e-002
2.456900000000120e+000	1.328367e-002
2.457000000000120e+000	1.332477e-002
2.457100000000120e+000	1.336601e-002
2.457200000000121e+000	1.340741e-002
2.457300000000121e+000	1.344895e-002
2.457400000000121e+000	1.349065e-002
2.457500000000121e+000	1.353249e-002
2.457600000000122e+000	1.357449e-002
2.457700000000122e+000	1.361664e-002
2.457800000000122e+000	1.365894e-002
2.457900000000122e+000	1.370140e-002
2.458000000000122e+000	1.374401e-002
2.458100000000123e+000	1.378678e-002
2.458200000000123e+000	1.382971e-002
2.458300000000123e+000	1.387279e-002
2.458400000000123e+000	1.391603e-002
2.458500000000123e+000	1.395943e-002
2.458600000000124e+000	1.400299e-002
2.458700000000124e+000	1.404671e-002
2.458800000000124e+000	1.409059e-002
2.458900000000124e+000	1.413464e-002
2.459000000000124e+000	1.417884e-002
2.459100000000125e+000	1.422321e-002
2.459200000000125e+000	1.426775e-002
2.459300000000125e+000	1.431245e-002
2.459400000000125e+000	1.435732e-002
2.459500000000126e+000	1.440236e-002
2.459600000000126e+000	1.444756e-002
2.459700000000126e+000	1.449294e-002
2.459800000000126e+000	1.453848e-002
2.459900000000126e+000	1.458420e-002
2.460000000000127e+000	1.463008e-002
2.460100000000127e+000	1.467615e-002
2.460200000000127e+000	1.472238e-002
2.460300000000127e+000	1.476879e-002
2.460400000000127e+000	1.481538e-002
2.460500000000128e+000	1.486214e-002
2.460600000000128e+000	1.490908e-002
2.460700000000128e+000	1.495619e-002
2.460800000000128e+000	1.500349e-002
2.460900000000128e+000	1.505097e-002
2.461000000000129e+000	1.509863e-002
2.461100000000129e+000	1.514647e-002
2.461200000000129e+000	1.519450e-002
2.461300000000129e+000	1.524271e-002
2.461400000000130e+000	1.529111e-002
2.461500000000130e+000	1.533969e-002
2.461600000000130e+000	1.538846e-002
2.461700000000130e+000	1.543742e-002
2.461800000000130e+000	1.548657e-002
2.461900000000131e+000	1.553591e-002
2.462000000000131e+000	1.558544e-002
2.462100000000131e+000	1.563517e-002
2.462200000000131e+000	1.568509e-002
2.462300000000131e+000	1.573520e-002
2.462400000000132e+000	1.578551e-002
2.462500000000132e+000	1.583602e-002
2.462600000000132e+000	1.588673e-002
2.462700000000132e+000	1.593763e-002
2.462800000000132e+000	1.598874e-002
2.462900000000133e+000	1.604005e-002
2.463000000000133e+000	1.609156e-002
2.463100000000133e+000	1.614328e-002
2.463200000000133e+000	1.619520e-002
2.463300000000134e+000	1.624733e-002
2.463400000000134e+000	1.629966e-002
2.463500000000134e+000	1.635221e-002
2.463600000000134e+000	1.640497e-002
2.463700000000134e+000	1.645794e-002
2.463800000000135e+000	1.651112e-002
2.463900000000135e+000	1.656451e-002
2.464000000000135e+000	1.661812e-002
2.464100000000135e+000	1.667195e-002
2.464200000000135e+000	1.672600e-002
2.464300000000136e+000	1.678026e-002
2.464400000000136e+000	1.683475e-002
2.464500000000136e+000	1.688945e-002
2.464600000000136e+000	1.694438e-002
2.464700000000136e+000	1.699954e-002
2.464800000000137e+000	1.705492e-002
2.464900000000137e+000	1.711053e-002
2.465000000000137e+000	1.716637e-002
2.465100000000137e+000	1.722243e-002
2.465200000000138e+000	1.727873e-002
2.465300000000138e+000	1.733527e-002
2.465400000000138e+000	1.739203e-002
2.465500000000138e+000	1.744904e-002
2.465600000000138e+000	1.750628e-002
2.465700000000139e+000	1.756375e-002
2.465800000000139e+000	1.762147e-002
2.465900000000139e+000	1.767944e-002
2.466000000000139e+000	1.773764e-002
2.466100000000139e+000	1.779609e-002
2.466200000000140e+000	1.785479e-002
2.466300000000140e+000	1.791373e-002
2.466400000000140e+000	1.797293e-002
2.466500000000140e+000	1.803237e-002
2.466600000000141e+000	1.809207e-002
2.466700000000141e+000	1.815202e-002
2.466800000000141e+000	1.821223e-002
2.466900000000141e+000	1.827270e-002
2.467000000000141e+000	1.833342e-002
2.467100000000142e+000	1.839441e-002
2.467200000000142e+000	1.845566e-002
2.467300000000142e+000	1.851717e-002
2.467400000000142e+000	1.857896e-002
2.467500000000142e+000	1.864100e-002
2.467600000000143e+000	1.870332e-002
2.467700000000143e+000	1.876591e-002
2.467800000000143e+000	1.882878e-002
2.467900000000143e+000	1.889192e-002
2.468000000000143e+000	1.895534e-002
2.468100000000144e+000	1.901903e-002
2.468200000000144e+000	1.908301e-002
2.468300000000144e+000	1.914727e-002
2.468400000000144e+000	1.921181e-002
2.468500000000145e+000	1.927664e-002
2.468600000000145e+000	1.934176e-002
2.468700000000145e+000	1.940717e-002
2.468800000000145e+000	1.947287e-002
2.468900000000145e+000	1.953887e-002
2.469000000000146e+000	1.960516e-002
2.469100000000146e+000	1.967176e-002
2.469200000000146e+000	1.973865e-002
2.469300000000146e+000	1.980585e-002
2.469400000000146e+000	1.987335e-002
2.469500000000147e+000	1.994116e-002
2.469600000000147e+000	2.000928e-002
2.469700000000147e+000	2.007770e-002
2.469800000000147e+000	2.014645e-002
2.469900000000147e+000	2.021551e-002
2.470000000000148e+000	2.028489e-002
2.470100000000148e+000	2.035458e-002
2.470200000000148e+000	2.042460e-002
2.470300000000148e+000	2.049495e-002
2.470400000000149e+000	2.056563e-002
2.470500000000149e+000	2.063663e-002
2.470600000000149e+000	2.070797e-002
2.470700000000149e+000	2.077964e-002
2.470800000000149e+000	2.085165e-002
2.470900000000150e+000	2.092400e-002
2.471000000000150e+000	2.099669e-002
2.471100000000150e+000	2.106972e-002
2.471200000000150e+000	2.114311e-002
2.471300000000150e+000	2.121684e-002
2.471400000000151e+000	2.129093e-002
2.471500000000151e+000	2.136537e-002
2.471600000000151e+000	2.144017e-002
2.471700000000151e+000	2.151533e-002
2.471800000000151e+000	2.159085e-002
2.471900000000152e+000	2.166674e-002
2.472000000000152e+000	2.174300e-002
2.472100000000152e+000	2.181963e-002
2.472200000000152e+000	2.189664e-002
2.472300000000153e+000	2.197403e-002
2.472400000000153e+000	2.205179e-002
2.472500000000153e+000	2.212994e-002
2.472600000000153e+000	2.220848e-002
2.472700000000153e+000	2.228740e-002
2.472800000000154e+000	2.236672e-002
2.472900000000154e+000	2.244643e-002
2.473000000000154e+000	2.252655e-002
2.473100000000154e+000	2.260707e-002
2.473200000000154e+000	2.268799e-002
2.473300000000155e+000	2.276932e-002
2.473400000000155e+000	2.285106e-002
2.473500000000155e+000	2.293322e-002
2.473600000000155e+000	2.301580e-002
2.473700000000155e+000	2.309880e-002
2.473800000000156e+000	2.318223e-002
2.473900000000156e+000	2.326609e-002
2.474000000000156e+000	2.335038e-002
2.474100000000156e+000	2.343510e-002
2.474200000000157e+000	2.352027e-002
2.474300000000157e+000	2.360588e-002
2.474400000000157e+000	2.369194e-002
2.474500000000157e+000	2.377845e-002
2.474600000000157e+000	2.386542e-002
2.474700000000158e+000	2.395284e-002
2.474800000000158e+000	2.404073e-002
2.474900000000158e+000	2.412909e-002
2.475000000000158e+000	2.421792e-002
2.475100000000158e+000	2.430722e-002
2.475200000000159e+000	2.439700e-002
2.475300000000159e+000	2.448727e-002
2.475400000000159e+000	2.457803e-002
2.475500000000159e+000	2.466927e-002
2.475600000000160e+000	2.476102e-002
2.475700000000160e+000	2.485326e-002
2.475800000000160e+000	2.494602e-002
2.475900000000160e+000	2.503928e-002
2.476000000000160e+000	2.513306e-002
2.476100000000161e+000	2.522735e-002
2.476200000000161e+000	2.532217e-002
2.476300000000161e+000	2.541753e-002
2.476400000000161e+000	2.551341e-002
2.476500000000161e+000	2.560983e-002
2.476600000000162e+000	2.570680e-002
2.476700000000162e+000	2.580432e-002
2.476800000000162e+000	2.590239e-002
2.476900000000162e+000	2.600102e-002
2.477000000000162e+000	2.610022e-002
2.477100000000163e+000	2.619998e-002
2.477200000000163e+000	2.630032e-002
2.477300000000163e+000	2.640125e-002
2.477400000000163e+000	2.650275e-002
2.477500000000164e+000	2.660486e-002
2.477600000000164e+000	2.670756e-002
2.477700000000164e+000	2.681086e-002
2.477800000000164e+000	2.691478e-002
2.477900000000164e+000	2.701931e-002
2.478000000000165e+000	2.712446e-002
2.478100000000165e+000	2.723024e-002
2.478200000000165e+000	2.733665e-002
2.478300000000165e+000	2.744371e-002
2.478400000000165e+000	2.755141e-002
2.478500000000166e+000	2.765977e-002
2.478600000000166e+000	2.776879e-002
2.478700000000166e+000	2.787847e-002
2.478800000000166e+000	2.798883e-002
2.478900000000166e+000	2.809988e-002
2.479000000000167e+000	2.821161e-002
2.479100000000167e+000	2.832403e-002
2.479200000000167e+000	2.843716e-002
2.479300000000167e+000	2.855100e-002
2.479400000000168e+000	2.866556e-002
2.479500000000168e+000	2.878084e-002
2.479600000000168e+000	2.889686e-002
2.479700000000168e+000	2.901362e-002
2.479800000000168e+000	2.913113e-002
2.479900000000169e+000	2.924939e-002
2.480000000000169e+000	2.936842e-002
2.480100000000169e+000	2.948823e-002
2.480200000000169e+000	2.960882e-002
2.480300000000169e+000	2.973020e-002
2.480400000000170e+000	2.985238e-002
2.480500000000170e+000	2.997537e-002
2.480600000000170e+000	3.009918e-002
2.480700000000170e+000	3.022382e-002
2.480800000000170e+000	3.034930e-002
2.480900000000171e+000	3.047562e-002
2.481000000000171e+000	3.060280e-002
2.481100000000171e+000	3.073085e-002
2.481200000000171e+000	3.085978e-002
2.481300000000172e+000	3.098959e-002
2.481400000000172e+000	3.112030e-002
2.481500000000172e+000	3.125193e-002
2.481600000000172e+000	3.138446e-002
2.481700000000172e+000	3.151794e-002
2.481800000000173e+000	3.165235e-002
2.481900000000173e+000	3.178772e-002
2.482000000000173e+000	3.192405e-002
2.482100000000173e+000	3.206137e-002
2.482200000000173e+000	3.219967e-002
2.482300000000174e+000	3.233897e-002
2.482400000000174e+000	3.247929e-002
2.482500000000174e+000	3.262063e-002
2.482600000000174e+000	3.276302e-002
2.482700000000174e+000	3.290646e-002
2.482800000000175e+000	3.305097e-002
2.482900000000175e+000	3.319656e-002
2.483000000000175e+000	3.334325e-002
2.483100000000175e+000	3.349105e-002
2.483200000000176e+000	3.363996e-002
2.483300000000176e+000	3.379003e-002
2.483400000000176e+000	3.394124e-002
2.483500000000176e+000	3.409363e-002
2.483600000000176e+000	3.424720e-002
2.483700000000177e+000	3.440198e-002
2.483800000000177e+000	3.455798e-002
2.483900000000177e+000	3.471521e-002
2.484000000000177e+000	3.487369e-002
2.484100000000177e+000	3.503345e-002
2.484200000000178e+000	3.519450e-002
2.484300000000178e+000	3.535686e-002
2.484400000000178e+000	3.552054e-002
2.484500000000178e+000	3.568557e-002
2.484600000000178e+000	3.585196e-002
2.484700000000179e+000	3.601974e-002
2.484800000000179e+000	3.618892e-002
2.484900000000179e+000	3.635954e-002
2.485000000000179e+000	3.653160e-002
2.485100000000180e+000	3.670513e-002
2.485200000000180e+000	3.688015e-002
2.485300000000180e+000	3.705669e-002
2.485400000000180e+000	3.723477e-002
2.485500000000180e+000	3.741441e-002
2.485600000000181e+000	3.759564e-002
2.485700000000181e+000	3.777848e-002
2.485800000000181e+000	3.796296e-002
2.485900000000181e+000	3.814910e-002
2.486000000000181e+000	3.833694e-002
2.486100000000182e+000	3.852649e-002
2.486200000000182e+000	3.871780e-002
2.486300000000182e+000	3.891087e-002
2.486400000000182e+000	3.910576e-002
2.486500000000183e+000	3.930248e-002
2.486600000000183e+000	3.950107e-002
2.486700000000183e+000	3.970156e-002
2.486800000000183e+000	3.990399e-002
2.486900000000183e+000	4.010838e-002
2.487000000000184e+000	4.031477e-002
2.487100000000184e+000	4.052319e-002
2.487200000000184e+000	4.073370e-002
2.487300000000184e+000	4.094630e-002
2.487400000000184e+000	4.116107e-002
2.487500000000185e+000	4.137801e-002
2.487600000000185e+000	4.159719e-002
2.487700000000185e+000	4.181864e-002
2.487800000000185e+000	4.204240e-002
2.487900000000185e+000	4.226853e-002
2.488000000000186e+000	4.249705e-002
2.488100000000186e+000	4.272803e-002
2.488200000000186e+000	4.296150e-002
2.488300000000186e+000	4.319752e-002
2.488400000000187e+000	4.343614e-002
2.488500000000187e+000	4.367741e-002
2.488600000000187e+000	4.392138e-002
2.488700000000187e+000	4.416812e-002
2.488800000000187e+000	4.441768e-002
2.488900000000188e+000	4.467011e-002
2.489000000000188e+000	4.492548e-002
2.489100000000188e+000	4.518386e-002
2.489200000000188e+000	4.544530e-002
2.489300000000188e+000	4.570988e-002
2.489400000000189e+000	4.597766e-002
2.489500000000189e+000	4.624872e-002
2.489600000000189e+000	4.652313e-002
2.489700000000189e+000	4.680097e-002
2.489800000000189e+000	4.708232e-002
2.489900000000190e+000	4.736725e-002
2.490000000000190e+000	4.765586e-002
2.490100000000190e+000	4.794823e-002
2.490200000000190e+000	4.824446e-002
2.490300000000191e+000	4.854463e-002
2.490400000000191e+000	4.884886e-002
2.490500000000191e+000	4.915723e-002
2.490600000000191e+000	4.946986e-002
2.490700000000191e+000	4.978685e-002
2.490800000000192e+000	5.010833e-002
2.490900000000192e+000	5.043441e-002
2.491000000000192e+000	5.076520e-002
2.491100000000192e+000	5.110085e-002
2.491200000000192e+000	5.144148e-002
2.491300000000193e+000	5.178724e-002
2.491400000000193e+000	5.213827e-002
2.491500000000193e+000	5.249472e-002
2.491600000000193e+000	5.285675e-002
2.491700000000193e+000	5.322453e-002
2.491800000000194e+000	5.359822e-002
2.491900000000194e+000	5.397801e-002
2.492000000000194e+000	5.436409e-002
2.492100000000194e+000	5.475665e-002
2.492200000000195e+000	5.515590e-002
2.492300000000195e+000	5.556206e-002
2.492400000000195e+000	5.597536e-002
2.492500000000195e+000	5.639603e-002
2.492600000000195e+000	5.682433e-002
2.492700000000196e+000	5.726052e-002
2.492800000000196e+000	5.770488e-002
2.492900000000196e+000	5.815770e-002
2.493000000000196e+000	5.861929e-002
2.493100000000196e+000	5.908998e-002
2.493200000000197e+000	5.957010e-002
2.493300000000197e+000	6.006003e-002
2.493400000000197e+000	6.056014e-002
2.493500000000197e+000	6.107086e-002
2.493600000000197e+000	6.159260e-002
2.493700000000198e+000	6.212584e-002
2.493800000000198e+000	6.267104e-002
2.493900000000198e+000	6.322876e-002
2.494000000000198e+000	6.379952e-002
2.494100000000199e+000	6.438392e-002
2.494200000000199e+000	6.498261e-002
2.494300000000199e+000	6.559625e-002
2.494400000000199e+000	6.622557e-002
2.494500000000199e+000	6.687136e-002
2.494600000000200e+000	6.753445e-002
2.494700000000200e+000	6.821575e-002
2.494800000000200e+000	6.891623e-002
2.494900000000200e+000	6.963696e-002
2.495000000000200e+000	7.037906e-002
2.495100000000201e+000	7.114381e-002
2.495200000000201e+000	7.193253e-002
2.495300000000201e+000	7.274672e-002
2.495400000000201e+000	7.358799e-002
2.495500000000201e+000	7.445812e-002
2.495600000000202e+000	7.535907e-002
2.495700000000202e+000	7.629298e-002
2.495800000000202e+000	7.726225e-002
2.495900000000202e+000	7.826951e-002
2.496000000000203e+000	7.931775e-002
2.496100000000203e+000	8.041026e-002
2.496200000000203e+000	8.155076e-002
2.496300000000203e+000	8.274346e-002
2.496400000000203e+000	8.399313e-002
2.496500000000204e+000	8.530520e-002
2.496600000000204e+000	8.668592e-002
2.496700000000204e+000	8.814248e-002
2.496800000000204e+000	8.968328e-002
2.496900000000204e+000	9.131810e-002
2.497000000000205e+000	9.305852e-002
2.497100000000205e+000	9.491832e-002
2.497200000000205e+000	9.691406e-002
2.497300000000205e+000	9.906591e-002
2.497400000000206e+000	1.013987e-001
2.497500000000206e+000	1.039433e-001
2.497600000000206e+000	1.067390e-001
2.497700000000206e+000	1.098364e-001
2.497800000000206e+000	1.133020e-001
2.497900000000207e+000	1.172251e-001
2.498000000000207e+000	1.217287e-001
2.498100000000207e+000	1.269868e-001
2.498200000000207e+000	1.332522e-001
2.498300000000207e+000	1.409006e-001
2.498400000000208e+000	1.504950e-001
2.498500000000208e+000	1.628464e-001
2.498600000000208e+000	1.789430e-001
2.498700000000208e+000	1.994436e-001
2.498800000000208e+000	2.238680e-001
2.498900000000209e+000	2.508436e-001
2.499000000000209e+000	2.792394e-001
2.499100000000209e+000	3.084854e-001
2.499200000000209e+000	3.382984e-001
2.499300000000210e+000	3.685574e-001
2.499400000000210e+000	3.992326e-001
2.499500000000210e+000	4.303087e-001
2.499600000000210e+000	4.617724e-001
2.499700000000210e+000	4.936111e-001
2.499800000000211e+000	5.258128e-001
2.499900000000211e+000	5.583655e-001
2.500000000000211e+000	5.912575e-001
2.500100000000211e+000	6.244777e-001
2.500200000000211e+000	6.580147e-001
2.500300000000212e+000	6.918576e-001
2.500400000000212e+000	7.259960e-001
2.500500000000212e+000	7.604191e-001
2.500600000000212e+000	7.951168e-001
2.500700000000212e+000	8.300791e-001
2.500800000000213e+000	8.652961e-001
2.500900000000213e+000	9.007580e-001
2.501000000000213e+000	9.364554e-001
2.501100000000213e+000	9.723790e-001
2.501200000000214e+000	1.008520e+000
2.501300000000214e+000	1.044868e+000
2.501400000000214e+000	1.081416e+000
2.501500000000214e+000	1.118154e+000
2.501600000000214e+000	1.155073e+000
2.501700000000215e+000	1.192166e+000
2.501800000000215e+000	1.229425e+000
2.501900000000215e+000	1.266840e+000
2.502000000000215e+000	1.304403e+000
2.502100000000215e+000	1.342107e+000
2.502200000000216e+000	1.379945e+000
2.502300000000216e+000	1.417907e+000
2.502400000000216e+000	1.455987e+000
2.502500000000216e+000	1.494176e+000
2.502600000000216e+000	1.532468e+000
2.502700000000217e+000	1.570855e+000
2.502800000000217e+000	1.609329e+000
2.502900000000217e+000	1.647883e+000
2.503000000000217e+000	1.686511e+000
2.503100000000218e+000	1.725203e+000
2.503200000000218e+000	1.763955e+000
2.503300000000218e+000	1.802757e+000
2.503400000000218e+000	1.841603e+000
2.503500000000218e+000	1.880485e+000
2.503600000000219e+000	1.919397e+000
2.503700000000219e+000	1.958331e+000
2.503800000000219e+000	1.997280e+000
2.503900000000219e+000	2.036235e+000
2.504000000000219e+000	2.075191e+000
2.504100000000220e+000	2.114138e+000
2.504200000000220e+000	2.153069e+000
2.504300000000220e+000	2.191977e+000
2.504400000000220e+000	2.230854e+000
2.504500000000220e+000	2.269691e+000
2.504600000000221e+000	2.308482e+000
2.504700000000221e+000	2.347216e+000
2.504800000000221e+000	2.385887e+000
2.504900000000221e+000	2.424486e+000
2.505000000000222e+000	2.463004e+000
2.505100000000222e+000	2.501433e+000
2.505200000000222e+000	2.539765e+000
2.505300000000222e+000	2.577991e+000
2.505400000000222e+000	2.616103e+000
2.505500000000223e+000	2.654091e+000
2.505600000000223e+000	2.691948e+000
2.505700000000223e+000	2.729665e+000
2.505800000000223e+000	2.767233e+000
2.505900000000223e+000	2.804645e+000
2.506000000000224e+000	2.841891e+000
2.506100000000224e+000	2.878965e+000
2.506200000000224e+000	2.915857e+000
2.506300000000224e+000	2.952561e+000
2.506400000000224e+000	2.989069e+000
2.506500000000225e+000	3.025373e+000
2.506600000000225e+000	3.061466e+000
2.506700000000225e+000	3.097341e+000
2.506800000000225e+000	3.132993e+000
2.506900000000226e+000	3.168413e+000
2.507000000000226e+000	3.203598e+000
2.507100000000226e+000	3.238540e+000
2.507200000000226e+000	3.273235e+000
2.507300000000226e+000	3.307677e+000
2.507400000000227e+000	3.341862e+000
2.507500000000227e+000	3.375785e+000
2.507600000000227e+000	3.409442e+000
2.507700000000227e+000	3.442829e+000
2.507800000000227e+000	3.475944e+000
2.507900000000228e+000	3.508781e+000
2.508000000000228e+000	3.541340e+000
2.508100000000228e+000	3.573618e+000
2.508200000000228e+000	3.605611e+000
2.508300000000229e+000	3.637319e+000
2.508400000000229e+000	3.668740e+000
2.508500000000229e+000	3.699872e+000
2.508600000000229e+000	3.730714e+000
2.508700000000229e+000	3.761266e+000
2.508800000000230e+000	3.791526e+000
2.508900000000230e+000	3.821495e+000
2.509000000000230e+000	3.851172e+000
2.509100000000230e+000	3.880557e+000
2.509200000000230e+000	3.909651e+000
2.509300000000231e+000	3.938454e+000
2.509400000000231e+000	3.966966e+000
2.509500000000231e+000	3.995188e+000
2.509600000000231e+000	4.023121e+000
2.509700000000231e+000	4.050766e+000
2.509800000000232e+000	4.078124e+000
2.509900000000232e+000	4.105196e+000
2.510000000000232e+000	4.131985e+000
2.510100000000232e+000	4.158489e+000
2.510200000000233e+000	4.184712e+000
2.510300000000233e+000	4.210656e+000
2.510400000000233e+000	4.236320e+000
2.510500000000233e+000	4.261708e+000
2.510600000000233e+000	4.286821e+000
2.510700000000234e+000	4.311660e+000
2.510800000000234e+000	4.336227e+000
2.510900000000234e+000	4.360524e+000
2.511000000000234e+000	4.384553e+000
2.511100000000234e+000	4.408316e+000
2.511200000000235e+000	4.431813e+000
2.511300000000235e+000	4.455048e+000
2.511400000000235e+000	4.478022e+000
2.511500000000235e+000	4.500736e+000
2.511600000000235e+000	4.523193e+000
2.511700000000236e+000	4.545393e+000
2.511800000000236e+000	4.567340e+000
2.511900000000236e+000	4.589034e+000
2.512000000000236e+000	4.610477e+000
2.512100000000237e+000	4.631670e+000
2.512200000000237e+000	4.652611e+000
2.512300000000237e+000	4.673292e+000
2.512400000000237e+000	4.693688e+000
2.512500000000237e+000	4.713767e+000
2.512600000000238e+000	4.733455e+000
2.512700000000238e+000	4.752609e+000
2.512800000000238e+000	4.770977e+000
2.512900000000238e+000	4.788175e+000
2.513000000000238e+000	4.803752e+000
2.513100000000239e+000	4.817355e+000
2.513200000000239e+000	4.828887e+000
2.513300000000239e+000	4.838512e+000
2.513400000000239e+000	4.846542e+000
2.513500000000239e+000	4.853300e+000
2.513600000000240e+000	4.859059e+000
2.513700000000240e+000	4.864034e+000
2.513800000000240e+000	4.868386e+000
2.513900000000240e+000	4.872237e+000
2.514000000000241e+000	4.875679e+000
2.514100000000241e+000	4.878785e+000
2.514200000000241e+000	4.881608e+000
2.514300000000241e+000	4.884192e+000
2.514400000000241e+000	4.886574e+000
2.514500000000242e+000	4.888779e+000
2.514600000000242e+000	4.890831e+000
2.514700000000242e+000	4.892749e+000
2.514800000000242e+000	4.894548e+000
2.514900000000242e+000	4.896242e+000
2.515000000000243e+000	4.897842e+000
2.515100000000243e+000	4.899358e+000
2.515200000000243e+000	4.900797e+000
2.515300000000243e+000	4.902166e+000
2.515400000000243e+000	4.903473e+000
2.515500000000244e+000	4.904721e+000
2.515600000000244e+000	4.905917e+000
2.515700000000244e+000	4.907064e+000
2.515800000000244e+000	4.908165e+000
2.515900000000245e+000	4.909225e+000
2.516000000000245e+000	4.910247e+000
2.516100000000245e+000	4.911232e+000
2.516200000000245e+000	4.912183e+000
2.516300000000245e+000	4.913103e+000
2.516400000000246e+000	4.913993e+000
2.516500000000246e+000	4.914855e+000
2.516600000000246e+000	4.915692e+000
2.516700000000246e+000	4.916503e+000
2.516800000000246e+000	4.917292e+000
2.516900000000247e+000	4.918059e+000
2.517000000000247e+000	4.918805e+000
2.517100000000247e+000	4.919530e+000
2.517200000000247e+000	4.920238e+000
2.517300000000248e+000	4.920928e+000
2.517400000000248e+000	4.921600e+000
2.517500000000248e+000	4.922257e+000
2.517600000000248e+000	4.922898e+000
2.517700000000248e+000	4.923524e+000
2.517800000000249e+000	4.924137e+000
2.517900000000249e+000	4.924736e+000
2.518000000000249e+000	4.925322e+000
2.518100000000249e+000	4.925896e+000
2.518200000000249e+000	4.926457e+000
2.518300000000250e+000	4.927008e+000
2.518400000000250e+000	4.927547e+000
2.518500000000250e+000	4.928077e+000
2.518600000000250e+000	4.928596e+000
2.518700000000250e+000	4.929105e+000
2.518800000000251e+000	4.929605e+000
2.518900000000251e+000	4.930096e+000
2.519000000000251e+000	4.930578e+000
2.519100000000251e+000	4.931051e+000
2.519200000000252e+000	4.931517e+000
2.519300000000252e+000	4.931974e+000
2.519400000000252e+000	4.932425e+000
2.519500000000252e+000	4.932867e+000
2.519600000000252e+000	4.933302e+000
2.519700000000253e+000	4.933731e+000
2.519800000000253e+000	4.934153e+000
2.519900000000253e+000	4.934568e+000
2.520000000000253e+000	4.934977e+000
2.520100000000253e+000	4.935380e+000
2.520200000000254e+000	4.935777e+000
2.520300000000254e+000	4.936168e+000
2.520400000000254e+000	4.936553e+000
2.520500000000254e+000	4.936934e+000
2.520600000000254e+000	4.937308e+000
2.520700000000255e+000	4.937678e+000
2.520800000000255e+000	4.938043e+000
2.520900000000255e+000	4.938402e+000
2.521000000000255e+000	4.938757e+000
2.521100000000256e+000	4.939107e+000
2.521200000000256e+000	4.939453e+000
2.521300000000256e+000	4.939795e+000
2.521400000000256e+000	4.940131e+000
2.521500000000256e+000	4.940464e+000
2.521600000000257e+000	4.940793e+000
2.521700000000257e+000	4.941117e+000
2.521800000000257e+000	4.941438e+000
2.521900000000257e+000	4.941755e+000
2.522000000000257e+000	4.942068e+000
2.522100000000258e+000	4.942378e+000
2.522200000000258e+000	4.942684e+000
2.522300000000258e+000	4.942986e+000
2.522400000000258e+000	4.943285e+000
2.522500000000258e+000	4.943581e+000
2.522600000000259e+000	4.943873e+000
2.522700000000259e+000	4.944162e+000
2.522800000000259e+000	4.944448e+000
2.522900000000259e+000	4.944731e+000
2.523000000000260e+000	4.945012e+000
2.523100000000260e+000	4.945289e+000
2.523200000000260e+000	4.945562e+000
2.523300000000260e+000	4.945834e+000
2.523400000000260e+000	4.946103e+000
2.523500000000261e+000	4.946368e+000
2.523600000000261e+000	4.946631e+000
2.523700000000261e+000	4.946892e+000
2.523800000000261e+000	4.947150e+000
2.523900000000261e+000	4.947405e+000
2.524000000000262e+000	4.947659e+000
2.524100000000262e+000	4.947909e+000
2.524200000000262e+000	4.948157e+000
2.524300000000262e+000	4.948403e+000
2.524400000000262e+000	4.948647e+000
2.524500000000263e+000	4.948888e+000
2.524600000000263e+000	4.949127e+000
2.524700000000263e+000	4.949364e+000
2.524800000000263e+000	4.949598e+000
2.524900000000264e+000	4.949831e+000
2.525000000000264e+000	4.950062e+000
2.525100000000264e+000	4.950290e+000
2.525200000000264e+000	4.950517e+000
2.525300000000264e+000	4.950741e+000
2.525400000000265e+000	4.950964e+000
2.525500000000265e+000	4.951185e+000
2.525600000000265e+000	4.951403e+000
2.525700000000265e+000	4.951621e+000
2.525800000000265e+000	4.951836e+000
2.525900000000266e+000	4.952049e+000
2.526000000000266e+000	4.952260e+000
2.526100000000266e+000	4.952470e+000
2.526200000000266e+000	4.952679e+000
2.526300000000266e+000	4.952885e+000
2.526400000000267e+000	4.953090e+000
2.526500000000267e+000	4.953293e+000
2.526600000000267e+000	4.953495e+000
2.526700000000267e+000	4.953695e+000
2.526800000000268e+000	4.953893e+000
2.526900000000268e+000	4.954090e+000
2.527000000000268e+000	4.954286e+000
2.527100000000268e+000	4.954480e+000
2.527200000000268e+000	4.954672e+000
2.527300000000269e+000	4.954863e+000
2.527400000000269e+000	4.955052e+000
2.527500000000269e+000	4.955241e+000
2.527600000000269e+000	4.955428e+000
2.527700000000269e+000	4.955613e+000
2.527800000000270e+000	4.955797e+000
2.527900000000270e+000	4.955979e+000
2.528000000000270e+000	4.956161e+000
2.528100000000270e+000	4.956341e+000
2.528200000000271e+000	4.956520e+000
2.528300000000271e+000	4.956697e+000
2.528400000000271e+000	4.956874e+000
2.528500000000271e+000	4.957049e+000
2.528600000000271e+000	4.957222e+000
2.528700000000272e+000	4.957395e+000
2.528800000000272e+000	4.957567e+000
2.528900000000272e+000	4.957737e+000
2.529000000000272e+000	4.957906e+000
2.529100000000272e+000	4.958074e+000
2.529200000000273e+000	4.958241e+000
2.529300000000273e+000	4.958406e+000
2.529400000000273e+000	4.958571e+000
2.529500000000273e+000	4.958735e+000
2.529600000000273e+000	4.958897e+000
2.529700000000274e+000	4.959058e+000
2.529800000000274e+000	4.959219e+000
2.529900000000274e+000	4.959378e+000
2.530000000000274e+000	4.959537e+000
2.530100000000275e+000	4.959693e+000
2.530200000000275e+000	4.959850e+000
2.530300000000275e+000	4.960005e+000
2.530400000000275e+000	4.960159e+000
2.530500000000275e+000	4.960313e+000
2.530600000000276e+000	4.960465e+000
2.530700000000276e+000	4.960617e+000
2.530800000000276e+000	4.960767e+000
2.530900000000276e+000	4.960917e+000
2.531000000000276e+000	4.961065e+000
2.531100000000277e+000	4.961213e+000
2.531200000000277e+000	4.961360e+000
2.531300000000277e+000	4.961506e+000
2.531400000000277e+000	4.961651e+000
2.531500000000277e+000	4.961795e+000
2.531600000000278e+000	4.961938e+000
2.531700000000278e+000	4.962081e+000
2.531800000000278e+000	4.962223e+000
2.531900000000278e+000	4.962363e+000
2.532000000000279e+000	4.962503e+000
2.532100000000279e+000	4.962643e+000
2.532200000000279e+000	4.962781e+000
2.532300000000279e+000	4.962919e+000
2.532400000000279e+000	4.963056e+000
2.532500000000280e+000	4.963192e+000
2.532600000000280e+000	4.963327e+000
2.532700000000280e+000	4.963461e+000
2.532800000000280e+000	4.963595e+000
2.532900000000280e+000	4.963728e+000
2.533000000000281e+000	4.963860e+000
2.533100000000281e+000	4.963992e+000
2.533200000000281e+000	4.964122e+000
2.533300000000281e+000	4.964252e+000
2.533400000000281e+000	4.964382e+000
2.533500000000282e+000	4.964510e+000
2.533600000000282e+000	4.964639e+000
2.533700000000282e+000	4.964766e+000
2.533800000000282e+000	4.964892e+000
2.533900000000283e+000	4.965018e+000
2.534000000000283e+000	4.965143e+000
2.534100000000283e+000	4.965268e+000
2.534200000000283e+000	4.965392e+000
2.534300000000283e+000	4.965515e+000
2.534400000000284e+000	4.965638e+000
2.534500000000284e+000	4.965759e+000
2.534600000000284e+000	4.965881e+000
2.534700000000284e+000	4.966002e+000
2.534800000000284e+000	4.966121e+000
2.534900000000285e+000	4.966241e+000
2.535000000000285e+000	4.966360e+000
2.535100000000285e+000	4.966478e+000
2.535200000000285e+000	4.966595e+000
2.535300000000285e+000	4.966712e+000
2.535400000000286e+000	4.966829e+000
2.535500000000286e+000	4.966945e+000
2.535600000000286e+000	4.967060e+000
2.535700000000286e+000	4.967175e+000
2.535800000000287e+000	4.967288e+000
2.535900000000287e+000	4.967402e+000
2.536000000000287e+000	4.967515e+000
2.536100000000287e+000	4.967627e+000
2.536200000000287e+000	4.967739e+000
2.536300000000288e+000	4.967850e+000
2.536400000000288e+000	4.967961e+000
2.536500000000288e+000	4.968071e+000
2.536600000000288e+000	4.968181e+000
2.536700000000288e+000	4.968290e+000
2.536800000000289e+000	4.968399e+000
2.536900000000289e+000	4.968506e+000
2.537000000000289e+000	4.968614e+000
2.537100000000289e+000	4.968721e+000
2.537200000000289e+000	4.968828e+000
2.537300000000290e+000	4.968934e+000
2.537400000000290e+000	4.969039e+000
2.537500000000290e+000	4.969144e+000
2.537600000000290e+000	4.969248e+000
2.537700000000291e+000	4.969353e+000
2.537800000000291e+000	4.969456e+000
2.537900000000291e+000	4.969559e+000
2.538000000000291e+000	4.969662e+000
2.538100000000291e+000	4.969764e+000
2.538200000000292e+000	4.969865e+000
2.538300000000292e+000	4.969966e+000
2.538400000000292e+000	4.970067e+000
2.538500000000292e+000	4.970168e+000
2.538600000000292e+000	4.970267e+000
2.538700000000293e+000	4.970366e+000
2.538800000000293e+000	4.970465e+000
2.538900000000293e+000	4.970564e+000
2.539000000000293e+000	4.970662e+000
2.539100000000294e+000	4.970759e+000
2.539200000000294e+000	4.970856e+000
2.539300000000294e+000	4.970953e+000
2.539400000000294e+000	4.971049e+000
2.539500000000294e+000	4.971145e+000
2.539600000000295e+000	4.971241e+000
2.539700000000295e+000	4.971335e+000
2.539800000000295e+000	4.971430e+000
2.539900000000295e+000	4.971524e+000
2.540000000000295e+000	4.971618e+000
2.540100000000296e+000	4.971711e+000
2.540200000000296e+000	4.971804e+000
2.540300000000296e+000	4.971897e+000
2.540400000000296e+000	4.971989e+000
2.540500000000296e+000	4.972080e+000
2.540600000000297e+000	4.972171e+000
2.540700000000297e+000	4.972262e+000
2.540800000000297e+000	4.972353e+000
2.540900000000297e+000	4.972443e+000
2.541000000000298e+000	4.972533e+000
2.541100000000298e+000	4.972622e+000
2.541200000000298e+000	4.972711e+000
2.541300000000298e+000	4.972800e+000
2.541400000000298e+000	4.972888e+000
2.541500000000299e+000	4.972976e+000
2.541600000000299e+000	4.973063e+000
2.541700000000299e+000	4.973150e+000
2.541800000000299e+000	4.973237e+000
2.541900000000299e+000	4.973323e+000
2.542000000000300e+000	4.973410e+000
2.542100000000300e+000	4.973495e+000
2.542200000000300e+000	4.973580e+000
2.542300000000300e+000	4.973666e+000
2.542400000000300e+000	4.973750e+000
2.542500000000301e+000	4.973835e+000
2.542600000000301e+000	4.973918e+000
2.542700000000301e+000	4.974002e+000
2.542800000000301e+000	4.974085e+000
2.542900000000302e+000	4.974168e+000
2.543000000000302e+000	4.974251e+000
2.543100000000302e+000	4.974333e+000
2.543200000000302e+000	4.974415e+000
2.543300000000302e+000	4.974496e+000
2.543400000000303e+000	4.974577e+000
2.543500000000303e+000	4.974658e+000
2.543600000000303e+000	4.974739e+000
2.543700000000303e+000	4.974819e+000
2.543800000000303e+000	4.974899e+000
2.543900000000304e+000	4.974979e+000
2.544000000000304e+000	4.975058e+000
2.544100000000304e+000	4.975137e+000
2.544200000000304e+000	4.975216e+000
2.544300000000304e+000	4.975294e+000
2.544400000000305e+000	4.975372e+000
2.544500000000305e+000	4.975450e+000
2.544600000000305e+000	4.975527e+000
2.544700000000305e+000	4.975605e+000
2.544800000000306e+000	4.975681e+000
2.544900000000306e+000	4.975758e+000
2.545000000000306e+000	4.975834e+000
2.545100000000306e+000	4.975910e+000
2.545200000000306e+000	4.975986e+000
2.545300000000307e+000	4.976061e+000
2.545400000000307e+000	4.976136e+000
2.545500000000307e+000	4.976211e+000
2.545600000000307e+000	4.976285e+000
2.545700000000307e+000	4.976360e+000
2.545800000000308e+000	4.976434e+000
2.545900000000308e+000	4.976507e+000
2.546000000000308e+000	4.976581e+000
2.546100000000308e+000	4.976654e+000
2.546200000000308e+000	4.976727e+000
2.546300000000309e+000	4.976799e+000
2.546400000000309e+000	4.976871e+000
2.546500000000309e+000	4.976943e+000
2.546600000000309e+000	4.977015e+000
2.546700000000310e+000	4.977087e+000
2.546800000000310e+000	4.977158e+000
2.546900000000310e+000	4.977229e+000
2.547000000000310e+000	4.977299e+000
2.547100000000310e+000	4.977370e+000
2.547200000000311e+000	4.977440e+000
2.547300000000311e+000	4.977509e+000
2.547400000000311e+000	4.977579e+000
2.547500000000311e+000	4.977649e+000
2.547600000000311e+000	4.977717e+000
2.547700000000312e+000	4.977787e+000
2.547800000000312e+000	4.977855e+000
2.547900000000312e+000	4.977923e+000
2.548000000000312e+000	4.977992e+000
2.548100000000312e+000	4.978059e+000
2.548200000000313e+000	4.978127e+000
2.548300000000313e+000	4.978194e+000
2.548400000000313e+000	4.978261e+000
2.548500000000313e+000	4.978328e+000
2.548600000000314e+000	4.978395e+000
2.548700000000314e+000	4.978461e+000
2.548800000000314e+000	4.978527e+000
2.548900000000314e+000	4.978593e+000
2.549000000000314e+000	4.978659e+000
2.549100000000315e+000	4.978724e+000
2.549200000000315e+000	4.978789e+000
2.549300000000315e+000	4.978854e+000
2.549400000000315e+000	4.978919e+000
2.549500000000315e+000	4.978983e+000
2.549600000000316e+000	4.979047e+000
2.549700000000316e+000	4.979112e+000
2.549800000000316e+000	4.979175e+000
2.549900000000316e+000	4.979239e+000
2.550000000000317e+000	4.979302e+000
2.550100000000317e+000	4.979365e+000
2.550200000000317e+000	4.979428e+000
2.550300000000317e+000	4.979491e+000
2.550400000000317e+000	4.979553e+000
2.550500000000318e+000	4.979615e+000
2.550600000000318e+000	4.979677e+000
2.550700000000318e+000	4.979739e+000
2.550800000000318e+000	4.979801e+000
2.550900000000318e+000	4.979862e+000
2.551000000000319e+000	4.979923e+000
2.551100000000319e+000	4.979984e+000
2.551200000000319e+000	4.980045e+000
2.551300000000319e+000	4.980105e+000
2.551400000000319e+000	4.980165e+000
2.551500000000320e+000	4.980226e+000
2.551600000000320e+000	4.980286e+000
2.551700000000320e+000	4.980345e+000
2.551800000000320e+000	4.980405e+000
2.551900000000321e+000	4.980464e+000
2.552000000000321e+000	4.980523e+000
2.552100000000321e+000	4.980582e+000
2.552200000000321e+000	4.980640e+000
2.552300000000321e+000	4.980699e+000
2.552400000000322e+000	4.980757e+000
2.552500000000322e+000	4.980815e+000
2.552600000000322e+000	4.980873e+000
2.552700000000322e+000	4.980930e+000
2.552800000000322e+000	4.980988e+000
2.552900000000323e+000	4.981045e+000
2.553000000000323e+000	4.981102e+000
2.553100000000323e+000	4.981159e+000
2.553200000000323e+000	4.981216e+000
2.553300000000323e+000	4.981272e+000
2.553400000000324e+000	4.981328e+000
2.553500000000324e+000	4.981385e+000
2.553600000000324e+000	4.981441e+000
2.553700000000324e+000	4.981496e+000
2.553800000000325e+000	4.981552e+000
2.553900000000325e+000	4.981607e+000
2.554000000000325e+000	4.981662e+000
2.554100000000325e+000	4.981717e+000
2.554200000000325e+000	4.981772e+000
2.554300000000326e+000	4.981826e+000
2.554400000000326e+000	4.981881e+000
2.554500000000326e+000	4.981935e+000
2.554600000000326e+000	4.981989e+000
2.554700000000326e+000	4.982043e+000
2.554800000000327e+000	4.982097e+000
2.554900000000327e+000	4.982150e+000
2.555000000000327e+000	4.982203e+000
2.555100000000327e+000	4.982257e+000
2.555200000000327e+000	4.982310e+000
2.555300000000328e+000	4.982363e+000
2.555400000000328e+000	4.982415e+000
2.555500000000328e+000	4.982468e+000
2.555600000000328e+000	4.982520e+000
2.555700000000329e+000	4.982572e+000
2.555800000000329e+000	4.982624e+000
2.555900000000329e+000	4.982676e+000
2.556000000000329e+000	4.982728e+000
2.556100000000329e+000	4.982779e+000
2.556200000000330e+000	4.982830e+000
2.556300000000330e+000	4.982881e+000
2.556400000000330e+000	4.982932e+000
2.556500000000330e+000	4.982983e+000
2.556600000000330e+000	4.983033e+000
2.556700000000331e+000	4.983084e+000
2.556800000000331e+000	4.983134e+000
2.556900000000331e+000	4.983184e+000
2.557000000000331e+000	4.983234e+000
2.557100000000331e+000	4.983284e+000
2.557200000000332e+000	4.983334e+000
2.557300000000332e+000	4.983383e+000
2.557400000000332e+000	4.983432e+000
2.557500000000332e+000	4.983481e+000
2.557600000000333e+000	4.983531e+000
2.557700000000333e+000	4.983579e+000
2.557800000000333e+000	4.983628e+000
2.557900000000333e+000	4.983676e+000
2.558000000000333e+000	4.983725e+000
2.558100000000334e+000	4.983773e+000
2.558200000000334e+000	4.983821e+000
2.558300000000334e+000	4.983869e+000
2.558400000000334e+000	4.983916e+000
2.558500000000334e+000	4.983964e+000
2.558600000000335e+000	4.984012e+000
2.558700000000335e+000	4.984059e+000
2.558800000000335e+000	4.984106e+000
2.558900000000335e+000	4.984153e+000
2.559000000000336e+000	4.984200e+000
2.559100000000336e+000	4.984246e+000
2.559200000000336e+000	4.984293e+000
2.559300000000336e+000	4.984339e+000
2.559400000000336e+000	4.984385e+000
2.559500000000337e+000	4.984432e+000
2.559600000000337e+000	4.984478e+000
2.559700000000337e+000	4.984523e+000
2.559800000000337e+000	4.984569e+000
2.559900000000337e+000	4.984614e+000
2.560000000000338e+000	4.984660e+000
2.560100000000338e+000	4.984705e+000
2.560200000000338e+000	4.984750e+000
2.560300000000338e+000	4.984795e+000
2.560400000000338e+000	4.984840e+000
2.560500000000339e+000	4.984884e+000
2.560600000000339e+000	4.984929e+000
2.560700000000339e+000	4.984973e+000
2.560800000000339e+000	4.985017e+000
2.560900000000340e+000	4.985062e+000
2.561000000000340e+000	4.985106e+000
2.561100000000340e+000	4.985149e+000
2.561200000000340e+000	4.985193e+000
2.561300000000340e+000	4.985237e+000
2.561400000000341e+000	4.985280e+000
2.561500000000341e+000	4.985323e+000
2.561600000000341e+000	4.985366e+000
2.561700000000341e+000	4.985409e+000
2.561800000000341e+000	4.985452e+000
2.561900000000342e+000	4.985495e+000
2.562000000000342e+000	4.985538e+000
2.562100000000342e+000	4.985580e+000
2.562200000000342e+000	4.985622e+000
2.562300000000342e+000	4.985664e+000
2.562400000000343e+000	4.985706e+000
2.562500000000343e+000	4.985748e+000
2.562600000000343e+000	4.985790e+000
2.562700000000343e+000	4.985832e+000
2.562800000000344e+000	4.985874e+000
2.562900000000344e+000	4.985915e+000
2.563000000000344e+000	4.985956e+000
2.563100000000344e+000	4.985997e+000
2.563200000000344e+000	4.986039e+000
2.563300000000345e+000	4.986079e+000
2.563400000000345e+000	4.986120e+000
2.563500000000345e+000	4.986161e+000
2.563600000000345e+000	4.986201e+000
2.563700000000345e+000	4.986242e+000
2.563800000000346e+000	4.986282e+000
2.563900000000346e+000	4.986322e+000
2.564000000000346e+000	4.986362e+000
2.564100000000346e+000	4.986402e+000
2.564200000000346e+000	4.986442e+000
2.564300000000347e+000	4.986482e+000
2.564400000000347e+000	4.986521e+000
2.564500000000347e+000	4.986561e+000
2.564600000000347e+000	4.986600e+000
2.564700000000348e+000	4.986639e+000
2.564800000000348e+000	4.986678e+000
2.564900000000348e+000	4.986717e+000
2.565000000000348e+000	4.986756e+000
2.565100000000348e+000	4.986795e+000
2.565200000000349e+000	4.986834e+000
2.565300000000349e+000	4.986872e+000
2.565400000000349e+000	4.986910e+000
2.565500000000349e+000	4.986948e+000
2.565600000000349e+000	4.986987e+000
2.565700000000350e+000	4.987025e+000
2.565800000000350e+000	4.987062e+000
2.565900000000350e+000	4.987100e+000
2.566000000000350e+000	4.987138e+000
2.566100000000350e+000	4.987175e+000
2.566200000000351e+000	4.987213e+000
2.566300000000351e+000	4.987250e+000
2.566400000000351e+000	4.987288e+000
2.566500000000351e+000	4.987325e+000
2.566600000000352e+000	4.987361e+000
2.566700000000352e+000	4.987399e+000
2.566800000000352e+000	4.987435e+000
2.566900000000352e+000	4.987472e+000
2.567000000000352e+000	4.987508e+000
2.567100000000353e+000	4.987545e+000
2.567200000000353e+000	4.987581e+000
2.567300000000353e+000	4.987617e+000
2.567400000000353e+000	4.987654e+000
2.567500000000353e+000	4.987689e+000
2.567600000000354e+000	4.987725e+000
2.567700000000354e+000	4.987761e+000
2.567800000000354e+000	4.987797e+000
2.567900000000354e+000	4.987833e+000
2.568000000000354e+000	4.987868e+000
2.568100000000355e+000	4.987903e+000
2.568200000000355e+000	4.987938e+000
2.568300000000355e+000	4.987974e+000
2.568400000000355e+000	4.988009e+000
2.568500000000356e+000	4.988044e+000
2.568600000000356e+000	4.988079e+000
2.568700000000356e+000	4.988113e+000
2.568800000000356e+000	4.988148e+000
2.568900000000356e+000	4.988183e+000
2.569000000000357e+000	4.988217e+000
2.569100000000357e+000	4.988251e+000
2.569200000000357e+000	4.988286e+000
2.569300000000357e+000	4.988319e+000
2.569400000000357e+000	4.988353e+000
2.569500000000358e+000	4.988388e+000
2.569600000000358e+000	4.988421e+000
2.569700000000358e+000	4.988455e+000
2.569800000000358e+000	4.988489e+000
2.569900000000359e+000	4.988522e+000
2.570000000000359e+000	4.988555e+000
2.570100000000359e+000	4.988589e+000
2.570200000000359e+000	4.988622e+000
2.570300000000359e+000	4.988655e+000
2.570400000000360e+000	4.988688e+000
2.570500000000360e+000	4.988721e+000
2.570600000000360e+000	4.988754e+000
2.570700000000360e+000	4.988787e+000
2.570800000000360e+000	4.988819e+000
2.570900000000361e+000	4.988852e+000
2.571000000000361e+000	4.988884e+000
2.571100000000361e+000	4.988916e+000
2.571200000000361e+000	4.988949e+000
2.571300000000361e+000	4.988981e+000
2.571400000000362e+000	4.989013e+000
2.571500000000362e+000	4.989045e+000
2.571600000000362e+000	4.989077e+000
2.571700000000362e+000	4.989109e+000
2.571800000000363e+000	4.989140e+000
2.571900000000363e+000	4.989172e+000
2.572000000000363e+000	4.989203e+000
2.572100000000363e+000	4.989234e+000
2.572200000000363e+000	4.989266e+000
2.572300000000364e+000	4.989297e+000
2.572400000000364e+000	4.989328e+000
2.572500000000364e+000	4.989359e+000
2.572600000000364e+000	4.989390e+000
2.572700000000364e+000	4.989421e+000
2.572800000000365e+000	4.989452e+000
2.572900000000365e+000	4.989482e+000
2.573000000000365e+000	4.989513e+000
2.573100000000365e+000	4.989543e+000
2.573200000000365e+000	4.989574e+000
2.573300000000366e+000	4.989604e+000
2.573400000000366e+000	4.989635e+000
2.573500000000366e+000	4.989665e+000
2.573600000000366e+000	4.989695e+000
2.573700000000367e+000	4.989725e+000
2.573800000000367e+000	4.989754e+000
2.573900000000367e+000	4.989784e+000
2.574000000000367e+000	4.989814e+000
2.574100000000367e+000	4.989843e+000
2.574200000000368e+000	4.989873e+000
2.574300000000368e+000	4.989902e+000
2.574400000000368e+000	4.989932e+000
2.574500000000368e+000	4.989961e+000
2.574600000000368e+000	4.989990e+000
2.574700000000369e+000	4.990019e+000
2.574800000000369e+000	4.990048e+000
2.574900000000369e+000	4.990077e+000
2.575000000000369e+000	4.990106e+000
2.575100000000369e+000	4.990135e+000
2.575200000000370e+000	4.990163e+000
2.575300000000370e+000	4.990192e+000
2.575400000000370e+000	4.990221e+000
2.575500000000370e+000	4.990249e+000
2.575600000000371e+000	4.990277e+000
2.575700000000371e+000	4.990305e+000
2.575800000000371e+000	4.990334e+000
2.575900000000371e+000	4.990362e+000
2.576000000000371e+000	4.990390e+000
2.576100000000372e+000	4.990417e+000
2.576200000000372e+000	4.990446e+000
2.576300000000372e+000	4.990473e+000
2.576400000000372e+000	4.990501e+000
2.576500000000372e+000	4.990529e+000
2.576600000000373e+000	4.990556e+000
2.576700000000373e+000	4.990583e+000
2.576800000000373e+000	4.990611e+000
2.576900000000373e+000	4.990638e+000
2.577000000000373e+000	4.990665e+000
2.577100000000374e+000	4.990693e+000
2.577200000000374e+000	4.990719e+000
2.577300000000374e+000	4.990746e+000
2.577400000000374e+000	4.990773e+000
2.577500000000375e+000	4.990800e+000
2.577600000000375e+000	4.990827e+000
2.577700000000375e+000	4.990853e+000
2.577800000000375e+000	4.990880e+000
2.577900000000375e+000	4.990907e+000
2.578000000000376e+000	4.990933e+000
2.578100000000376e+000	4.990959e+000
2.578200000000376e+000	4.990985e+000
2.578300000000376e+000	4.991012e+000
2.578400000000376e+000	4.991038e+000
2.578500000000377e+000	4.991064e+000
2.578600000000377e+000	4.991090e+000
2.578700000000377e+000	4.991116e+000
2.578800000000377e+000	4.991142e+000
2.578900000000377e+000	4.991168e+000
2.579000000000378e+000	4.991193e+000
2.579100000000378e+000	4.991219e+000
2.579200000000378e+000	4.991244e+000
2.579300000000378e+000	4.991270e+000
2.579400000000379e+000	4.991295e+000
2.579500000000379e+000	4.991320e+000
2.579600000000379e+000	4.991345e+000
2.579700000000379e+000	4.991371e+000
2.579800000000379e+000	4.991395e+000
2.579900000000380e+000	4.991421e+000
2.580000000000380e+000	4.991446e+000
2.580100000000380e+000	4.991470e+000
2.580200000000380e+000	4.991495e+000
2.580300000000380e+000	4.991520e+000
2.580400000000381e+000	4.991545e+000
2.580500000000381e+000	4.991569e+000
2.580600000000381e+000	4.991594e+000
2.580700000000381e+000	4.991618e+000
2.580800000000382e+000	4.991642e+000
2.580900000000382e+000	4.991667e+000
2.581000000000382e+000	4.991691e+000
2.581100000000382e+000	4.991715e+000
2.581200000000382e+000	4.991739e+000
2.581300000000383e+000	4.991763e+000
2.581400000000383e+000	4.991787e+000
2.581500000000383e+000	4.991811e+000
2.581600000000383e+000	4.991835e+000
2.581700000000383e+000	4.991858e+000
2.581800000000384e+000	4.991882e+000
2.581900000000384e+000	4.991906e+000
2.582000000000384e+000	4.991930e+000
2.582100000000384e+000	4.991953e+000
2.582200000000384e+000	4.991976e+000
2.582300000000385e+000	4.992000e+000
2.582400000000385e+000	4.992023e+000
2.582500000000385e+000	4.992046e+000
2.582600000000385e+000	4.992069e+000
2.582700000000386e+000	4.992092e+000
2.582800000000386e+000	4.992115e+000
2.582900000000386e+000	4.992138e+000
2.583000000000386e+000	4.992161e+000
2.583100000000386e+000	4.992184e+000
2.583200000000387e+000	4.992207e+000
2.583300000000387e+000	4.992229e+000
2.583400000000387e+000	4.992252e+000
2.583500000000387e+000	4.992274e+000
2.583600000000387e+000	4.992297e+000
2.583700000000388e+000	4.992319e+000
2.583800000000388e+000	4.992342e+000
2.583900000000388e+000	4.992364e+000
2.584000000000388e+000	4.992386e+000
2.584100000000388e+000	4.992408e+000
2.584200000000389e+000	4.992430e+000
2.584300000000389e+000	4.992452e+000
2.584400000000389e+000	4.992475e+000
2.584500000000389e+000	4.992496e+000
2.584600000000390e+000	4.992518e+000
2.584700000000390e+000	4.992540e+000
2.584800000000390e+000	4.992561e+000
2.584900000000390e+000	4.992583e+000
2.585000000000390e+000	4.992605e+000
2.585100000000391e+000	4.992626e+000
2.585200000000391e+000	4.992648e+000
2.585300000000391e+000	4.992669e+000
2.585400000000391e+000	4.992691e+000
2.585500000000391e+000	4.992712e+000
2.585600000000392e+000	4.992733e+000
2.585700000000392e+000	4.992754e+000
2.585800000000392e+000	4.992775e+000
2.585900000000392e+000	4.992796e+000
2.586000000000392e+000	4.992817e+000
2.586100000000393e+000	4.992838e+000
2.586200000000393e+000	4.992859e+000
2.586300000000393e+000	4.992880e+000
2.586400000000393e+000	4.992900e+000
2.586500000000394e+000	4.992921e+000
2.586600000000394e+000	4.992942e+000
2.586700000000394e+000	4.992962e+000
2.586800000000394e+000	4.992983e+000
2.586900000000394e+000	4.993003e+000
2.587000000000395e+000	4.993024e+000
2.587100000000395e+000	4.993044e+000
2.587200000000395e+000	4.993064e+000
2.587300000000395e+000	4.993084e+000
2.587400000000395e+000	4.993104e+000
2.587500000000396e+000	4.993125e+000
2.587600000000396e+000	4.993145e+000
2.587700000000396e+000	4.993165e+000
2.587800000000396e+000	4.993185e+000
2.587900000000396e+000	4.993205e+000
2.588000000000397e+000	4.993224e+000
2.588100000000397e+000	4.993244e+000
2.588200000000397e+000	4.993264e+000
2.588300000000397e+000	4.993283e+000
2.588400000000398e+000	4.993303e+000
2.588500000000398e+000	4.993322e+000
2.588600000000398e+000	4.993342e+000
2.588700000000398e+000	4.993361e+000
2.588800000000398e+000	4.993381e+000
2.588900000000399e+000	4.993400e+000
2.589000000000399e+000	4.993419e+000
2.589100000000399e+000	4.993439e+000
2.589200000000399e+000	4.993458e+000
2.589300000000399e+000	4.993477e+000
2.589400000000400e+000	4.993496e+000
2.589500000000400e+000	4.993515e+000
2.589600000000400e+000	4.993534e+000
2.589700000000400e+000	4.993553e+000
2.589800000000400e+000	4.993571e+000
2.589900000000401e+000	4.993590e+000
2.590000000000401e+000	4.993609e+000
2.590100000000401e+000	4.993628e+000
2.590200000000401e+000	4.993646e+000
2.590300000000402e+000	4.993665e+000
2.590400000000402e+000	4.993683e+000
2.590500000000402e+000	4.993701e+000
2.590600000000402e+000	4.993720e+000
2.590700000000402e+000	4.993738e+000
2.590800000000403e+000	4.993756e+000
2.590900000000403e+000	4.993775e+000
2.591000000000403e+000	4.993793e+000
2.591100000000403e+000	4.993811e+000
2.591200000000403e+000	4.993829e+000
2.591300000000404e+000	4.993847e+000
2.591400000000404e+000	4.993865e+000
2.591500000000404e+000	4.993883e+000
2.591600000000404e+000	4.993901e+000
2.591700000000405e+000	4.993918e+000
2.591800000000405e+000	4.993937e+000
2.591900000000405e+000	4.993954e+000
2.592000000000405e+000	4.993972e+000
2.592100000000405e+000	4.993989e+000
2.592200000000406e+000	4.994007e+000
2.592300000000406e+000	4.994024e+000
2.592400000000406e+000	4.994042e+000
2.592500000000406e+000	4.994059e+000
2.592600000000406e+000	4.994077e+000
2.592700000000407e+000	4.994094e+000
2.592800000000407e+000	4.994111e+000
2.592900000000407e+000	4.994128e+000
2.593000000000407e+000	4.994145e+000
2.593100000000407e+000	4.994163e+000
2.593200000000408e+000	4.994180e+000
2.593300000000408e+000	4.994197e+000
2.593400000000408e+000	4.994214e+000
2.593500000000408e+000	4.994231e+000
2.593600000000409e+000	4.994247e+000
2.593700000000409e+000	4.994264e+000
2.593800000000409e+000	4.994281e+000
2.593900000000409e+000	4.994298e+000
2.594000000000409e+000	4.994315e+000
2.594100000000410e+000	4.994331e+000
2.594200000000410e+000	4.994348e+000
2.594300000000410e+000	4.994364e+000
2.594400000000410e+000	4.994380e+000
2.594500000000410e+000	4.994397e+000
2.594600000000411e+000	4.994413e+000
2.594700000000411e+000	4.994430e+000
2.594800000000411e+000	4.994446e+000
2.594900000000411e+000	4.994462e+000
2.595000000000411e+000	4.994479e+000
2.595100000000412e+000	4.994495e+000
2.595200000000412e+000	4.994511e+000
2.595300000000412e+000	4.994527e+000
2.595400000000412e+000	4.994543e+000
2.595500000000413e+000	4.994559e+000
2.595600000000413e+000	4.994575e+000
2.595700000000413e+000	4.994591e+000
2.595800000000413e+000	4.994606e+000
2.595900000000413e+000	4.994622e+000
2.596000000000414e+000	4.994638e+000
2.596100000000414e+000	4.994654e+000
2.596200000000414e+000	4.994669e+000
2.596300000000414e+000	4.994685e+000
2.596400000000414e+000	4.994700e+000
2.596500000000415e+000	4.994716e+000
2.596600000000415e+000	4.994731e+000
2.596700000000415e+000	4.994747e+000
2.596800000000415e+000	4.994762e+000
2.596900000000415e+000	4.994778e+000
2.597000000000416e+000	4.994793e+000
2.597100000000416e+000	4.994808e+000
2.597200000000416e+000	4.994823e+000
2.597300000000416e+000	4.994839e+000
2.597400000000417e+000	4.994854e+000
2.597500000000417e+000	4.994869e+000
2.597600000000417e+000	4.994884e+000
2.597700000000417e+000	4.994899e+000
2.597800000000417e+000	4.994914e+000
2.597900000000418e+000	4.994929e+000
2.598000000000418e+000	4.994944e+000
2.598100000000418e+000	4.994958e+000
2.598200000000418e+000	4.994973e+000
2.598300000000418e+000	4.994988e+000
2.598400000000419e+000	4.995003e+000
2.598500000000419e+000	4.995018e+000
2.598600000000419e+000	4.995032e+000
2.598700000000419e+000	4.995047e+000
2.598800000000419e+000	4.995061e+000
2.598900000000420e+000	4.995076e+000
2.599000000000420e+000	4.995090e+000
2.599100000000420e+000	4.995104e+000
2.599200000000420e+000	4.995119e+000
2.599300000000421e+000	4.995133e+000
2.599400000000421e+000	4.995147e+000
2.599500000000421e+000	4.995162e+000
2.599600000000421e+000	4.995176e+000
2.599700000000421e+000	4.995190e+000
2.599800000000422e+000	4.995204e+000
2.599900000000422e+000	4.995218e+000
2.600000000000000e+000	4.995232e+000
