0.000000000000000e+00	2.500000e+00	2.492782e+00
5.031553599973887e-04	2.500000e+00	2.492782e+00
1.000000000000000e-03	2.500000e+00	2.492782e+00
1.000321428571429e-03	2.506429e+00	2.492803e+00
1.000642857142857e-03	2.512857e+00	2.492866e+00
1.000964285714286e-03	2.519286e+00	2.492969e+00
1.001285714285714e-03	2.525714e+00	2.493112e+00
1.001607142857143e-03	2.532143e+00	2.493297e+00
1.001928571428572e-03	2.538571e+00	2.493522e+00
1.002250000000000e-03	2.545000e+00	2.493788e+00
1.003750000000000e-03	2.575000e+00	2.495541e+00
1.005250000000001e-03	2.605000e+00	2.498111e+00
1.006750000000001e-03	2.635000e+00	2.501449e+00
1.008250000000001e-03	2.665000e+00	2.505504e+00
1.009750000000001e-03	2.695000e+00	2.510221e+00
1.011250000000001e-03	2.725000e+00	2.515543e+00
1.012750000000001e-03	2.755000e+00	2.521409e+00
1.013750000000002e-03	2.775000e+00	2.525594e+00
1.014750000000002e-03	2.795000e+00	2.529975e+00
1.015750000000002e-03	2.815000e+00	2.534535e+00
1.016750000000002e-03	2.835000e+00	2.539255e+00
1.017750000000002e-03	2.855000e+00	2.544116e+00
1.018750000000002e-03	2.875000e+00	2.549101e+00
1.019750000000002e-03	2.895000e+00	2.554192e+00
1.020750000000003e-03	2.915000e+00	2.559370e+00
1.021750000000003e-03	2.935000e+00	2.564620e+00
1.022750000000003e-03	2.955000e+00	2.569928e+00
1.023750000000003e-03	2.975000e+00	2.575280e+00
1.024750000000003e-03	2.995000e+00	2.580665e+00
1.026250000000003e-03	3.025000e+00	2.588785e+00
1.027178571428575e-03	3.043572e+00	2.593834e+00
1.028107142857146e-03	3.062143e+00	2.598886e+00
1.029035714285718e-03	3.080714e+00	2.603943e+00
1.029964285714289e-03	3.099286e+00	2.609004e+00
1.030892857142861e-03	3.117857e+00	2.614069e+00
1.031821428571433e-03	3.136429e+00	2.619139e+00
1.032750000000004e-03	3.155000e+00	2.624212e+00
1.034250000000004e-03	3.185000e+00	2.632407e+00
1.035750000000005e-03	3.215000e+00	2.640602e+00
1.037250000000005e-03	3.245000e+00	2.648799e+00
1.038750000000005e-03	3.275000e+00	2.656998e+00
1.040250000000005e-03	3.305000e+00	2.665198e+00
1.041750000000005e-03	3.335000e+00	2.673399e+00
1.043250000000006e-03	3.365000e+00	2.681602e+00
1.045821428571434e-03	3.416429e+00	2.695666e+00
1.048392857142863e-03	3.467857e+00	2.709733e+00
1.050964285714292e-03	3.519286e+00	2.723802e+00
1.053535714285721e-03	3.570714e+00	2.737874e+00
1.056107142857150e-03	3.622143e+00	2.751948e+00
1.058678571428579e-03	3.673571e+00	2.766025e+00
1.061250000000008e-03	3.725000e+00	2.780105e+00
1.066835714285721e-03	3.837862e+00	2.810698e+00
1.072421428571434e-03	3.950008e+00	2.841299e+00
1.078007142857147e-03	4.061439e+00	2.871908e+00
1.083592857142861e-03	4.172153e+00	2.902525e+00
1.089178571428574e-03	4.282151e+00	2.933151e+00
1.094764285714287e-03	4.391434e+00	2.963785e+00
1.100350000000000e-03	4.500000e+00	2.994427e+00
1.116192857142859e-03	4.500000e+00	3.081266e+00
1.132035714285718e-03	4.500000e+00	3.167919e+00
1.147878571428578e-03	4.500000e+00	3.254387e+00
1.163721428571437e-03	4.500000e+00	3.340670e+00
1.179564285714296e-03	4.500000e+00	3.426766e+00
1.195407142857155e-03	4.500000e+00	3.512678e+00
1.211250000000015e-03	4.500000e+00	3.598404e+00
1.219392857142873e-03	4.500000e+00	3.642382e+00
1.227535714285731e-03	4.500000e+00	3.686303e+00
1.235678571428589e-03	4.500000e+00	3.730166e+00
1.243821428571447e-03	4.500000e+00	3.773973e+00
1.251964285714306e-03	4.500000e+00	3.817722e+00
1.260107142857164e-03	4.500000e+00	3.861414e+00
1.268250000000022e-03	4.500000e+00	3.905049e+00
1.269178571428594e-03	4.500000e+00	3.910021e+00
1.270107142857165e-03	4.500000e+00	3.914991e+00
1.271035714285737e-03	4.500000e+00	3.919962e+00
1.271964285714308e-03	4.500000e+00	3.924931e+00
1.272892857142880e-03	4.500000e+00	3.929899e+00
1.273821428571451e-03	4.500000e+00	3.934867e+00
1.274750000000023e-03	4.500000e+00	3.939834e+00
1.275750000000023e-03	4.500000e+00	3.945182e+00
1.276750000000023e-03	4.500000e+00	3.950528e+00
1.277250000000023e-03	4.500000e+00	3.953202e+00
1.277750000000023e-03	4.500000e+00	3.955874e+00
1.278250000000024e-03	4.500000e+00	3.958547e+00
1.278750000000024e-03	4.500000e+00	3.961219e+00
1.279250000000024e-03	4.500000e+00	3.963891e+00
1.280250000000024e-03	4.500000e+00	3.969234e+00
1.281250000000024e-03	4.500000e+00	3.974576e+00
1.281750000000024e-03	4.500000e+00	3.977247e+00
1.282250000000024e-03	4.500000e+00	3.979917e+00
1.282750000000024e-03	4.500000e+00	3.982586e+00
1.283750000000024e-03	4.500000e+00	3.987924e+00
1.286035714285739e-03	4.500000e+00	4.000128e+00
1.288321428571453e-03	4.500000e+00	4.012314e+00
1.290607142857168e-03	4.500000e+00	4.024483e+00
1.292892857142883e-03	4.500000e+00	4.036633e+00
1.295178571428597e-03	4.500000e+00	4.048765e+00
1.297464285714312e-03	4.500000e+00	4.060880e+00
1.299750000000026e-03	4.500000e+00	4.072977e+00
1.302107142857170e-03	4.500000e+00	4.085443e+00
1.304464285714313e-03	4.500000e+00	4.097806e+00
1.306821428571456e-03	4.500000e+00	4.110065e+00
1.309178571428599e-03	4.500000e+00	4.122222e+00
1.311535714285742e-03	4.500000e+00	4.134275e+00
1.313892857142885e-03	4.500000e+00	4.146225e+00
1.316250000000029e-03	4.500000e+00	4.158071e+00
1.318750000000029e-03	4.500000e+00	4.170434e+00
1.321250000000029e-03	4.500000e+00	4.182523e+00
1.323750000000030e-03	4.500000e+00	4.194338e+00
1.326250000000030e-03	4.500000e+00	4.205879e+00
1.328750000000030e-03	4.500000e+00	4.217146e+00
1.331250000000031e-03	4.500000e+00	4.228139e+00
1.333750000000031e-03	4.500000e+00	4.238858e+00
1.337250000000031e-03	4.500000e+00	4.253258e+00
1.340750000000032e-03	4.500000e+00	4.267010e+00
1.344250000000032e-03	4.500000e+00	4.280116e+00
1.347750000000033e-03	4.500000e+00	4.292574e+00
1.351250000000033e-03	4.500000e+00	4.304386e+00
1.354750000000034e-03	4.500000e+00	4.315551e+00
1.358250000000034e-03	4.500000e+00	4.326068e+00
1.365607142857178e-03	4.500000e+00	4.345719e+00
1.372964285714322e-03	4.500000e+00	4.363483e+00
1.380321428571466e-03	4.500000e+00	4.379359e+00
1.387678571428610e-03	4.500000e+00	4.393348e+00
1.395035714285753e-03	4.500000e+00	4.405449e+00
1.402392857142897e-03	4.500000e+00	4.415663e+00
1.409750000000041e-03	4.500000e+00	4.423989e+00
1.415321428571470e-03	4.500000e+00	4.429768e+00
1.420892857142900e-03	4.500000e+00	4.435071e+00
1.426464285714329e-03	4.500000e+00	4.439898e+00
1.432035714285758e-03	4.500000e+00	4.444250e+00
1.437607142857187e-03	4.500000e+00	4.448125e+00
1.443178571428617e-03	4.500000e+00	4.451525e+00
1.448750000000046e-03	4.500000e+00	4.454450e+00
1.454892857142904e-03	4.500000e+00	4.457355e+00
1.461035714285762e-03	4.500000e+00	4.460001e+00
1.467178571428620e-03	4.500000e+00	4.462388e+00
1.473321428571478e-03	4.500000e+00	4.464517e+00
1.479464285714336e-03	4.500000e+00	4.466387e+00
1.485607142857194e-03	4.500000e+00	4.467998e+00
1.491750000000052e-03	4.500000e+00	4.469350e+00
1.496321428571481e-03	4.500000e+00	4.470287e+00
1.500892857142910e-03	4.500000e+00	4.471158e+00
1.505464285714339e-03	4.500000e+00	4.471960e+00
1.510035714285769e-03	4.500000e+00	4.472696e+00
1.514607142857198e-03	4.500000e+00	4.473365e+00
1.519178571428627e-03	4.500000e+00	4.473967e+00
1.523750000000056e-03	4.500000e+00	4.474501e+00
1.524250000000056e-03	4.500000e+00	4.474558e+00
1.533750000000057e-03	4.500000e+00	4.475483e+00
1.543250000000059e-03	4.500000e+00	4.476298e+00
1.552750000000060e-03	4.500000e+00	4.477003e+00
1.562250000000061e-03	4.500000e+00	4.477597e+00
1.571750000000062e-03	4.500000e+00	4.478081e+00
1.581250000000064e-03	4.500000e+00	4.478455e+00
1.590750000000065e-03	4.500000e+00	4.478719e+00
1.606607142857210e-03	4.500000e+00	4.479074e+00
1.622464285714355e-03	4.500000e+00	4.479373e+00
1.638321428571500e-03	4.500000e+00	4.479617e+00
1.654178571428645e-03	4.500000e+00	4.479806e+00
1.670035714285790e-03	4.500000e+00	4.479939e+00
1.685892857142935e-03	4.500000e+00	4.480016e+00
1.701750000000080e-03	4.500000e+00	4.480039e+00
1.749464285714372e-03	4.500000e+00	4.480101e+00
1.797178571428664e-03	4.500000e+00	4.480149e+00
1.844892857142956e-03	4.500000e+00	4.480185e+00
1.892607142857248e-03	4.500000e+00	4.480208e+00
1.940321428571540e-03	4.500000e+00	4.480217e+00
1.988035714285832e-03	4.500000e+00	4.480213e+00
2.035750000000124e-03	4.500000e+00	4.480196e+00
2.036250000000124e-03	4.500000e+00	4.480196e+00
2.548250000000192e-03	4.500000e+00	4.480196e+00
3.000000000000000e-03	4.500000e+00	4.480196e+00
3.000321428571429e-03	4.493571e+00	4.480175e+00
3.000642857142857e-03	4.487143e+00	4.480114e+00
3.000964285714286e-03	4.480714e+00	4.480013e+00
3.001285714285715e-03	4.474286e+00	4.479871e+00
3.001607142857143e-03	4.467857e+00	4.479689e+00
3.001928571428572e-03	4.461429e+00	4.479467e+00
3.002250000000000e-03	4.455000e+00	4.479205e+00
3.003750000000000e-03	4.425000e+00	4.477469e+00
3.005250000000001e-03	4.395000e+00	4.474914e+00
3.006964285714286e-03	4.360714e+00	4.470849e+00
3.008678571428572e-03	4.326429e+00	4.466024e+00
3.010392857142858e-03	4.292143e+00	4.460441e+00
3.012107142857144e-03	4.257857e+00	4.454099e+00
3.013821428571430e-03	4.223572e+00	4.446997e+00
3.015535714285716e-03	4.189286e+00	4.439137e+00
3.017250000000002e-03	4.155000e+00	4.430518e+00
3.018250000000002e-03	4.135000e+00	4.425385e+00
3.019250000000002e-03	4.115000e+00	4.420109e+00
3.020250000000003e-03	4.095000e+00	4.414707e+00
3.021250000000003e-03	4.075000e+00	4.409195e+00
3.022250000000003e-03	4.055000e+00	4.403591e+00
3.023250000000003e-03	4.035000e+00	4.397910e+00
3.024250000000003e-03	4.015000e+00	4.392167e+00
3.025250000000003e-03	3.995000e+00	4.386375e+00
3.026250000000003e-03	3.975000e+00	4.380546e+00
3.027750000000004e-03	3.945000e+00	4.371754e+00
3.029250000000004e-03	3.915000e+00	4.362926e+00
3.030464285714290e-03	3.890714e+00	4.355759e+00
3.031678571428575e-03	3.866429e+00	4.348592e+00
3.032892857142861e-03	3.842143e+00	4.341422e+00
3.034107142857147e-03	3.817857e+00	4.334251e+00
3.035321428571433e-03	3.793572e+00	4.327078e+00
3.036535714285719e-03	3.769286e+00	4.319903e+00
3.037750000000005e-03	3.745000e+00	4.312726e+00
3.040678571428577e-03	3.686428e+00	4.295430e+00
3.043607142857149e-03	3.627857e+00	4.278141e+00
3.046535714285720e-03	3.569286e+00	4.260859e+00
3.049464285714292e-03	3.510714e+00	4.243586e+00
3.052392857142864e-03	3.452143e+00	4.226320e+00
3.055321428571436e-03	3.393571e+00	4.209062e+00
3.058250000000008e-03	3.335000e+00	4.191812e+00
3.058750000000008e-03	3.325000e+00	4.188867e+00
3.100150000000000e-03	2.500000e+00	3.945809e+00
3.120592857142860e-03	2.500000e+00	3.826324e+00
3.141035714285719e-03	2.500000e+00	3.707133e+00
3.161478571428579e-03	2.500000e+00	3.588237e+00
3.181921428571439e-03	2.500000e+00	3.469636e+00
3.202364285714299e-03	2.500000e+00	3.351329e+00
3.222807142857159e-03	2.500000e+00	3.233316e+00
3.243250000000019e-03	2.500000e+00	3.115598e+00
3.245392857142876e-03	2.500000e+00	3.103272e+00
3.247535714285734e-03	2.500000e+00	3.090951e+00
3.249678571428591e-03	2.500000e+00	3.078632e+00
3.251821428571449e-03	2.500000e+00	3.066318e+00
3.253964285714306e-03	2.500000e+00	3.054006e+00
3.256107142857163e-03	2.500000e+00	3.041698e+00
3.258250000000021e-03	2.500000e+00	3.029394e+00
3.260750000000021e-03	2.500000e+00	3.015037e+00
3.263250000000021e-03	2.500000e+00	3.000695e+00
3.265750000000022e-03	2.500000e+00	2.986369e+00
3.268250000000022e-03	2.500000e+00	2.972058e+00
3.270750000000022e-03	2.500000e+00	2.957763e+00
3.273250000000023e-03	2.500000e+00	2.943483e+00
3.275750000000023e-03	2.500000e+00	2.929218e+00
3.277750000000023e-03	2.500000e+00	2.917817e+00
3.279750000000024e-03	2.500000e+00	2.906478e+00
3.281750000000024e-03	2.500000e+00	2.895201e+00
3.283750000000024e-03	2.500000e+00	2.883987e+00
3.285750000000024e-03	2.500000e+00	2.872835e+00
3.287750000000025e-03	2.500000e+00	2.861745e+00
3.289750000000025e-03	2.500000e+00	2.850717e+00
3.292250000000025e-03	2.500000e+00	2.837067e+00
3.294750000000026e-03	2.500000e+00	2.823689e+00
3.297250000000026e-03	2.500000e+00	2.810584e+00
3.299750000000026e-03	2.500000e+00	2.797751e+00
3.302250000000027e-03	2.500000e+00	2.785190e+00
3.304750000000027e-03	2.500000e+00	2.772901e+00
3.307250000000027e-03	2.500000e+00	2.760885e+00
3.310321428571456e-03	2.500000e+00	2.746653e+00
3.313392857142885e-03	2.500000e+00	2.732979e+00
3.316464285714314e-03	2.500000e+00	2.719861e+00
3.319535714285743e-03	2.500000e+00	2.707301e+00
3.322607142857172e-03	2.500000e+00	2.695297e+00
3.325678571428601e-03	2.500000e+00	2.683850e+00
3.328750000000030e-03	2.500000e+00	2.672961e+00
3.336535714285745e-03	2.500000e+00	2.648516e+00
3.344321428571461e-03	2.500000e+00	2.626537e+00
3.352107142857176e-03	2.500000e+00	2.607023e+00
3.359892857142891e-03	2.500000e+00	2.589975e+00
3.367678571428607e-03	2.500000e+00	2.575393e+00
3.375464285714322e-03	2.500000e+00	2.563276e+00
3.383250000000037e-03	2.500000e+00	2.553625e+00
3.388607142857181e-03	2.500000e+00	2.547495e+00
3.393964285714324e-03	2.500000e+00	2.541862e+00
3.399321428571468e-03	2.500000e+00	2.536727e+00
3.404678571428611e-03	2.500000e+00	2.532088e+00
3.410035714285755e-03	2.500000e+00	2.527947e+00
3.415392857142898e-03	2.500000e+00	2.524304e+00
3.420750000000042e-03	2.500000e+00	2.521158e+00
3.426607142857186e-03	2.500000e+00	2.518049e+00
3.432464285714329e-03	2.500000e+00	2.515212e+00
3.438321428571473e-03	2.500000e+00	2.512645e+00
3.444178571428617e-03	2.500000e+00	2.510349e+00
3.450035714285760e-03	2.500000e+00	2.508323e+00
3.455892857142904e-03	2.500000e+00	2.506568e+00
3.461750000000048e-03	2.500000e+00	2.505083e+00
3.468964285714334e-03	2.500000e+00	2.503464e+00
3.476178571428621e-03	2.500000e+00	2.502008e+00
3.483392857142908e-03	2.500000e+00	2.500715e+00
3.490607142857195e-03	2.500000e+00	2.499585e+00
3.497821428571481e-03	2.500000e+00	2.498619e+00
3.505035714285768e-03	2.500000e+00	2.497815e+00
3.512250000000054e-03	2.500000e+00	2.497175e+00
3.520321428571484e-03	2.500000e+00	2.496538e+00
3.528392857142913e-03	2.500000e+00	2.495971e+00
3.536464285714343e-03	2.500000e+00	2.495473e+00
3.544535714285773e-03	2.500000e+00	2.495044e+00
3.552607142857203e-03	2.500000e+00	2.494683e+00
3.560678571428632e-03	2.500000e+00	2.494392e+00
3.568750000000062e-03	2.500000e+00	2.494170e+00
3.569250000000062e-03	2.500000e+00	2.494156e+00
3.585321428571493e-03	2.500000e+00	2.493820e+00
3.601392857142923e-03	2.500000e+00	2.493538e+00
3.617464285714354e-03	2.500000e+00	2.493308e+00
3.633535714285785e-03	2.500000e+00	2.493132e+00
3.649607142857216e-03	2.500000e+00	2.493008e+00
3.665678571428646e-03	2.500000e+00	2.492938e+00
3.681750000000077e-03	2.500000e+00	2.492921e+00
3.738750000000063e-03	2.500000e+00	2.492864e+00
3.795750000000049e-03	2.500000e+00	2.492820e+00
3.852750000000035e-03	2.500000e+00	2.492788e+00
3.909750000000021e-03	2.500000e+00	2.492768e+00
3.966750000000007e-03	2.500000e+00	2.492760e+00
4.023749999999993e-03	2.500000e+00	2.492765e+00
4.080749999999978e-03	2.500000e+00	2.492782e+00
4.081249999999978e-03	2.500000e+00	2.492782e+00
4.593249999999602e-03	2.500000e+00	2.492782e+00
5.103749999999924e-03	2.500000e+00	2.492782e+00
5.615749999999548e-03	2.500000e+00	2.492782e+00
6.127749999999172e-03	2.500000e+00	2.492782e+00
6.499749999998899e-03	2.500000e+00	2.492782e+00
6.500000000000000e-03	2.500000e+00	2.492782e+00
